SNP	beta.exposure	beta.outcome	se.exposure	se.outcome	eaf.exposure	eaf.outcome
rs1009437	-0.0596	-0.01	0.0404	0.004	0.8896	0.8937
rs1010167	-5e-04	0.003	0.0243	0.003	0.5553	0.5914
rs10127539	0.1367	-0.009	0.0269	0.003	0.6061	0.5765
rs10127599	-0.0835	0.01	0.0271	0.003	0.6208	0.6698
rs10127659	-0.0824	0.01	0.0266	0.003	0.6196	0.6679
rs10127988	0.0331	0.003	0.0261	0.003	0.5169	0.5466
rs10159352	-0.0154	0.005	0.0251	0.002	0.5441	0.5205
rs1018738	-0.0758	0.003	0.0512	0.004	0.9221	0.91604
rs1021880	-0.1054	0.006	0.0748	0.007	0.9369	0.93843
rs1027463	-0.0797	-0.045	0.3822	0.022	0.9977	0.98881
rs1033638	0.0344	0.008	0.0517	0.003	0.7599	0.8451
rs1044837	-0.0555	0.003	0.0562	0.005	0.8989	0.8993
rs10494040	-0.0361	-0.01	0.0265	0.003	0.7025	0.6847
rs10494041	0.0146	-0.003	0.0317	0.003	0.8319	0.8302
rs10494112	-0.013	0.001	0.0311	0.003	0.7876	0.8004
rs10494116	-0.0253	0.001	0.0539	0.006	0.9461	0.9403
rs1051137	0.0038	-0.004	0.0287	0.003	0.6299	0.6493
rs1055013	-0.0141	0.006	0.0259	0.002	0.58	0.5746
rs1055259	0.0387	-0.001	0.0495	0.004	0.8967	0.8993
rs1058885	-0.1047	0.007	0.0277	0.003	0.6705	0.6381
rs10732634	0.0605	0.001	0.0304	0.003	0.7954	0.7799
rs10735234	0.0023	0	0.0256	0.003	0.5557	0.5653
rs10745305	-0.0355	-0.01	0.0265	0.003	0.7025	0.6847
rs10745306	-0.0162	-0.009	0.0263	0.003	0.6732	0.6325
rs10745307	0.14	-0.011	0.0261	0.002	0.5761	0.5373
rs10745308	0.1295	-0.009	0.0254	0.003	0.5985	0.5821
rs10745309	0.0284	-0.005	0.0296	0.002	0.5217	0.5466
rs1077580	0.1249	-0.008	0.025	0.003	0.6048	0.597
rs1077581	0.1249	-0.008	0.025	0.003	0.6046	0.597
rs10776698	-0.0346	-0.01	0.0264	0.003	0.7004	0.6847
rs10776699	-0.0019	0	0.0263	0.003	0.5661	0.5728
rs10776701	-6e-04	0.003	0.0435	0.003	0.4914	0.4291
rs10776707	-7e-04	-0.004	0.027	0.002	0.504	0.5336
rs10857786	-0.0336	-0.01	0.0265	0.003	0.702	0.6847
rs10857787	-0.0335	-0.01	0.0265	0.003	0.702	0.6847
rs10857788	-0.0342	-0.01	0.0265	0.003	0.7027	0.6866
rs10857789	-0.0342	-0.01	0.0264	0.003	0.7008	0.6866
rs10857791	-0.0395	-0.012	0.03	0.004	0.7572	0.7575
rs10857792	0.0342	0.004	0.0255	0.002	0.4834	0.4963
rs10857793	-0.0169	-0.001	0.0315	0.003	0.8148	0.8246
rs10857797	-0.0237	-0.012	0.0795	0.009	0.9753	0.98134
rs10857802	-0.0153	0.003	0.0361	0.003	0.5382	0.5466
rs10857804	-0.0432	0.006	0.0248	0.003	0.6143	0.5821
rs10857805	-0.0434	0.006	0.0248	0.003	0.6143	0.5821
rs10857806	0.0689	-0.008	0.0243	0.003	0.553	0.5765
rs10857807	0.0686	-0.008	0.0243	0.003	0.5526	0.5765
rs10857809	-0.0719	0	0.032	0.003	0.8009	0.7761
rs10857810	-0.0728	0	0.0319	0.003	0.8014	0.7724
rs10857811	0.1342	-0.008	0.0264	0.003	0.6057	0.5746
rs10857812	-0.0858	0.009	0.0277	0.003	0.621	0.6642
rs10857817	-0.05	0.002	0.0365	0.003	0.5697	0.6269
rs10857818	-0.105	-0.007	0.0395	0.003	0.771	0.7388
rs10857819	0.0868	-0.001	0.086	0.005	0.9495	0.90672
rs10857820	-0.0165	0.006	0.0264	0.002	0.5846	0.5821
rs10857821	-0.0143	0.006	0.0259	0.002	0.5692	0.5485
rs10857822	-0.0161	0.006	0.0256	0.002	0.58	0.5616
rs1105802	-0.0859	-0.008	0.1539	0.012	0.9816	0.98507
rs1105803	0.0518	-0.006	0.0419	0.003	0.6483	0.6679
rs1109112	-0.027	-0.001	0.0299	0.003	0.7846	0.791
rs1109113	-0.027	-0.001	0.0299	0.003	0.7847	0.791
rs1109138	6e-04	0	0.0256	0.003	0.5594	0.5672
rs11101960	-0.0351	-0.01	0.0266	0.003	0.7032	0.6847
rs11101961	-0.0351	-0.01	0.0266	0.003	0.7032	0.6847
rs11101962	-0.036	-0.01	0.0265	0.003	0.7025	0.6847
rs11101965	-0.0033	0	0.0338	0.003	0.8314	0.8451
rs11101966	0.0288	0.006	0.0252	0.002	0.4767	0.459
rs11101967	-0.0453	-0.007	0.0298	0.003	0.7585	0.7556
rs11101968	-0.0303	-0.009	0.0323	0.003	0.8089	0.8134
rs11101969	0.0202	0.003	0.0261	0.003	0.4893	0.5224
rs11101976	0.0131	0.004	0.0252	0.003	0.5672	0.584
rs11101978	-0.0017	0.007	0.0313	0.004	0.5983	0.6567
rs11101980	0.0034	0.004	0.0247	0.003	0.5529	0.5933
rs11101981	-0.0072	0.003	0.0293	0.003	0.6225	0.6325
rs11101985	-0.0197	0.002	0.0316	0.003	0.6001	0.5821
rs11101986	-0.0099	0.002	0.0305	0.003	0.6678	0.6642
rs11101989	-0.0058	0.002	0.0297	0.003	0.6727	0.6623
rs11101991	-4e-04	0.002	0.0284	0.003	0.7005	0.6959
rs11101992	0.0061	-0.003	0.0285	0.003	0.7638	0.778
rs11101993	0.0598	-0.001	0.0764	0.005	0.9384	0.94776
rs11101994	-0.0062	0	0.0259	0.003	0.5583	0.5653
rs11101995	-0.0013	-0.001	0.027	0.003	0.3706	0.3862
rs11101996	-0.0018	0	0.027	0.003	0.3709	0.3862
rs11101998	6e-04	-0.001	0.0276	0.003	0.3579	0.3787
rs11101999	0.0059	0	0.028	0.003	0.443	0.4627
rs11102000	0.0307	0	0.0278	0.003	0.6435	0.6325
rs11102001	-0.0868	0.003	0.0523	0.006	0.943	0.9403
rs11102002	-0.0892	0.002	0.0599	0.006	0.9506	0.94403
rs11102005	-0.0336	0.005	0.0393	0.004	0.8726	0.8694
rs11102009	-0.0138	0.004	0.0248	0.002	0.4876	0.4272
rs11102012	-0.0139	0.004	0.0381	0.002	0.517	0.4254
rs11102013	-0.0103	0.004	0.0382	0.002	0.5136	0.4198
rs11102017	-0.0192	0.002	0.035	0.003	0.5081	0.5205
rs11102018	-0.0221	0.005	0.0349	0.003	0.5581	0.5765
rs11102019	-0.0385	0.002	0.0251	0.003	0.6096	0.5784
rs11102030	-0.0969	0.001	0.0744	0.007	0.9142	0.97201
rs11102034	0.0684	-0.008	0.0244	0.003	0.5514	0.5765
rs11102036	0.0843	-0.008	0.0255	0.003	0.5732	0.5896
rs11102037	-0.0012	0.001	0.0286	0.003	0.6826	0.6642
rs11102038	0.0379	0.002	0.0311	0.003	0.7785	0.7631
rs11102041	-0.1283	0.01	0.0252	0.003	0.5839	0.584
rs11102043	-0.1034	0.004	0.0393	0.003	0.8406	0.8246
rs11102045	-0.0989	0.004	0.0382	0.003	0.839	0.8284
rs11102050	0.1346	-0.008	0.0261	0.003	0.6092	0.597
rs11102051	-0.0816	0.009	0.0263	0.003	0.6195	0.6679
rs11102052	-0.0857	0.009	0.0285	0.003	0.6155	0.666
rs11102057	-0.0556	0.003	0.0819	0.005	0.9225	0.94403
rs11102069	-0.0525	0.003	0.0434	0.003	0.6687	0.653
rs11102071	-0.0498	0.002	0.0395	0.003	0.5715	0.6101
rs11102072	-0.037	0.003	0.0402	0.003	0.6733	0.681
rs11102074	-0.0606	0.001	0.0326	0.002	0.5605	0.5112
rs11102075	-0.1055	-0.007	0.0398	0.003	0.7734	0.7388
rs11102076	-0.1048	-0.007	0.0397	0.003	0.7726	0.7388
rs11102077	-0.1049	-0.007	0.0397	0.003	0.773	0.7388
rs11102078	-0.1048	-0.007	0.0397	0.003	0.7724	0.7388
rs11102080	-0.1049	-0.007	0.0397	0.003	0.7731	0.7388
rs11102082	-0.1088	-0.007	0.0406	0.003	0.7748	0.7425
rs11102083	-0.1093	-0.007	0.0408	0.003	0.7838	0.7425
rs11102084	-0.0369	0.003	0.078	0.005	0.9543	0.9347
rs11102085	-0.014	0.002	0.0428	0.004	0.8551	0.8433
rs11102088	0.0696	-0.003	0.0737	0.005	0.9456	0.8974
rs11102089	-0.0109	0.006	0.0277	0.002	0.5652	0.5616
rs11102090	-0.0109	0.006	0.0278	0.002	0.5646	0.5616
rs11102091	-1e-04	-0.005	0.0264	0.002	0.516	0.5429
rs11102092	-0.0165	0.006	0.0265	0.002	0.5839	0.5821
rs11102093	0.07	0	0.0982	0.005	0.9609	0.91231
rs11102094	-0.0151	0.006	0.0257	0.002	0.5815	0.5821
rs11102095	-0.0218	0.006	0.0467	0.004	0.9163	0.92164
rs11102096	-0.0188	0.005	0.0251	0.002	0.5553	0.5317
rs11102098	0.0271	0.001	0.0989	0.005	0.9581	0.91791
rs11102099	0.0254	0.001	0.0991	0.005	0.9581	0.91791
rs11102100	-0.0151	0.005	0.0246	0.002	0.5577	0.5354
rs11102101	-0.0149	0.005	0.025	0.002	0.5442	0.5205
rs11102102	0.0098	0.002	0.0819	0.005	0.9425	0.92164
rs11102103	-0.0142	0.006	0.0258	0.002	0.5705	0.5466
rs11102104	0.068	-0.004	0.0301	0.003	0.7204	0.7612
rs11102105	-0.0047	0.004	0.0275	0.003	0.7235	0.722
rs11102106	0.0088	-0.002	0.0727	0.004	0.9161	0.8899
rs11102107	-0.0127	0.003	0.0306	0.003	0.7435	0.7332
rs11102108	-0.015	0.004	0.0314	0.003	0.7418	0.7276
rs11102109	-0.0358	-0.004	0.0356	0.003	0.6905	0.653
rs11102110	0.0313	-0.003	0.0435	0.003	0.6475	0.7015
rs11120	-0.0875	-0.005	0.0397	0.003	0.8342	0.8004
rs11121684	0.0343	0.007	0.0465	0.003	0.7041	0.8209
rs11121685	0.0338	0.005	0.046	0.003	0.6974	0.806
rs111348230	-0.0207	0.004	0.0346	0.003	0.697	0.7239
rs111379057	0.2312	0.013	0.17	0.019	0.9865	0.98694
rs111552185	0.0047	-0.021	0.7137	0.036	0.9991	0.98881
rs111611566	-0.0199	-0.005	0.053	0.005	0.9227	0.91604
rs111937628	0.0031	-0.007	0.034	0.003	0.5735	0.5709
rs112117858	0.002	-0.008	0.0396	0.004	0.8797	0.8993
rs112198000	0.0402	-0.02	0.7175	0.037	0.9992	0.98881
rs1122112	-0.0376	0.002	0.0647	0.007	0.96	0.95896
rs112247275	-0.1121	-0.006	0.0418	0.003	0.7678	0.7332
rs112273976	0.0583	0.018	0.1158	0.013	0.9842	0.98507
rs112345570	-0.2579	-0.023	0.3063	0.015	0.9963	0.98134
rs112452879	-0.0227	0.001	0.0563	0.005	0.9428	0.93843
rs112456519	-0.118	-0.004	0.0425	0.003	0.8007	0.7668
rs112479902	0.034	-0.008	0.0834	0.006	0.9541	0.9459
rs112629503	0.0784	0.01	0.1112	0.012	0.9779	0.98134
rs112658570	-0.0675	-0.032	0.7049	0.037	0.9991	0.98881
rs112697537	-0.0262	-0.011	0.1042	0.009	0.9838	0.98134
rs112852158	-0.1063	0.002	0.0785	0.006	0.957	0.95336
rs112956006	0.0549	0.012	0.1144	0.013	0.9825	0.98881
rs113002951	0.0128	-0.022	0.7138	0.036	0.9991	0.98881
rs113300388	-0.0229	0.002	0.0579	0.006	0.9464	0.9403
rs113515527	0.021	-0.033	0.7135	0.037	0.9991	0.98881
rs113519150	-0.0177	-0.016	0.0514	0.005	0.9339	0.9347
rs113581509	-0.0769	0.001	0.0756	0.008	0.9725	0.97761
rs113905406	0.1592	0.009	0.1121	0.011	0.9878	0.98507
rs113936771	-0.0742	0.003	0.0841	0.008	0.9735	0.97761
rs114003685	0.0026	-0.008	0.0967	0.008	0.9809	0.98321
rs114025737	0.082	0.005	0.1003	0.008	0.9784	0.97015
rs114155707	0.0845	0.006	0.1107	0.01	0.9837	0.98507
rs114184542	-0.0591	-0.011	0.1244	0.009	0.9872	0.98134
rs114337549	-0.0221	0.006	0.0968	0.011	0.983	0.98321
rs114351980	0.0796	0.005	0.101	0.008	0.9788	0.97015
rs114382843	-0.0546	-0.015	0.0908	0.007	0.973	0.96828
rs1144593	-0.0377	-0.01	0.0262	0.003	0.6973	0.681
rs1144594	-0.0369	-0.009	0.0263	0.003	0.6973	0.681
rs1144595	-0.0274	-0.007	0.0284	0.003	0.7594	0.7407
rs114468307	-0.1829	0.003	0.1166	0.013	0.9889	0.98881
rs114481746	0.0357	-0.005	0.1104	0.009	0.9744	0.97948
rs114650969	-0.0897	0.002	0.1074	0.007	0.9715	0.97761
rs114685214	-0.2021	-0.003	0.1194	0.016	0.9837	0.98694
rs114704317	-0.0286	0.003	0.0424	0.004	0.8958	0.8787
rs114723329	-0.0405	0	0.0599	0.005	0.9304	0.91978
rs114732936	0.0797	0.005	0.101	0.008	0.9789	0.97015
rs114732965	0.0324	0.007	0.0956	0.01	0.9812	0.98134
rs114768190	0.0447	0	0.0489	0.004	0.8969	0.8993
rs114804066	0.0393	0.001	0.1056	0.011	0.9841	0.98881
rs114807258	-0.0654	-0.011	0.1257	0.009	0.9877	0.98134
rs114809525	-0.0395	-0.008	0.1844	0.011	0.9875	0.98694
rs114816442	-0.0032	-0.004	0.0962	0.008	0.9687	0.97761
rs114831731	-0.0285	0.009	0.1513	0.01	0.9871	0.98881
rs114849051	-0.1412	0.019	0.0881	0.008	0.9719	0.97388
rs114881544	-0.0834	0.015	0.1146	0.007	0.9652	0.97388
rs1149170	0.0328	0	0.0301	0.003	0.7825	0.7892
rs1149177	0.0152	-0.001	0.0252	0.003	0.5279	0.5448
rs1149178	-0.0179	-0.001	0.0246	0.003	0.5114	0.5149
rs114929124	-0.0958	-0.002	0.0732	0.007	0.972	0.97575
rs115001841	-0.0958	0.006	0.1025	0.007	0.9555	0.93097
rs115042790	-0.034	0.003	0.1081	0.009	0.9851	0.98321
rs115049444	0.1607	0.012	0.1122	0.012	0.988	0.98507
rs115113608	0.0884	0.016	0.1187	0.01	0.983	0.97388
rs115181845	0.0151	0	0.0536	0.005	0.938	0.9403
rs115263569	0.0529	-0.014	0.1196	0.007	0.9752	0.97015
rs115321867	-0.1681	0.019	0.0923	0.009	0.9725	0.97388
rs115334374	0.1103	0.012	0.1259	0.009	0.9826	0.98694
rs115394162	0.1951	0.019	0.127	0.011	0.9778	0.97575
rs115405315	0.0054	0.001	0.2356	0.011	0.9921	0.97575
rs115430557	-0.0456	0.001	0.0581	0.005	0.9266	0.91978
rs115450622	0.0192	0.006	0.0928	0.008	0.9792	0.97761
rs115451299	-0.0191	-0.005	0.0977	0.009	0.9838	0.97388
rs115454275	-0.0767	0.001	0.0757	0.008	0.9724	0.97761
rs115458560	0.148	0.008	0.1081	0.013	0.9801	0.96642
rs115465471	-0.1688	0.017	0.085	0.011	0.9709	0.96828
rs115490395	-0.0575	0.024	0.1286	0.015	0.9803	0.98321
rs115585507	0.0788	0.009	0.1022	0.008	0.9803	0.97388
rs115636764	-0.0443	0.001	0.0602	0.005	0.9305	0.91978
rs115639445	0.0449	-0.001	0.0952	0.009	0.9563	0.98507
rs115658570	0.3464	-0.004	0.0803	0.007	0.9668	0.97201
rs115677656	0.1746	-0.002	0.1106	0.009	0.983	0.98694
rs115695318	0.0251	0.004	0.0636	0.005	0.904	0.95522
rs115725113	0.0014	-0.002	0.1976	0.01	0.9906	0.97575
rs115744932	0.0288	0.001	0.0965	0.005	0.9569	0.91791
rs11576956	-0.1636	0.001	0.0412	0.003	0.6058	0.6194
rs11577194	0.1457	-0.01	0.024	0.002	0.457	0.4851
rs11578059	0.146	-0.009	0.024	0.002	0.4571	0.4869
rs11578891	0.0851	-0.008	0.0256	0.003	0.5747	0.5914
rs11579145	0.1509	-0.009	0.0244	0.002	0.4769	0.4869
rs11579576	-0.0188	0.002	0.0307	0.003	0.6001	0.5802
rs11580762	-0.0375	0.004	0.0519	0.004	0.91	0.8937
rs11580776	0.0461	-0.015	0.1303	0.007	0.9765	0.95709
rs11581614	-0.0396	0.003	0.0331	0.003	0.8426	0.8433
rs115823613	-0.0257	-0.014	0.0536	0.005	0.9459	0.9459
rs11582687	-0.0078	0.004	0.03	0.003	0.7231	0.7201
rs11583330	-0.0833	-0.003	0.0492	0.004	0.9185	0.8955
rs115835007	-0.0115	-0.001	0.1155	0.009	0.977	0.97948
rs11583653	0.036	0.007	0.0474	0.003	0.6951	0.8246
rs11583961	-0.0449	0.001	0.0468	0.003	0.835	0.8228
rs11584134	-0.0442	-0.007	0.0298	0.003	0.7577	0.7537
rs11584672	-0.0105	0.006	0.04	0.003	0.6918	0.6343
rs115852567	-0.0914	-0.01	0.1295	0.014	0.9864	0.97948
rs11585989	0.0976	0.002	0.0639	0.004	0.8653	0.8731
rs115868012	-0.0657	0.022	0.1163	0.015	0.9797	0.98321
rs11587528	0.1185	0.004	0.0877	0.007	0.9568	0.97015
rs11587687	0.0346	0.003	0.0261	0.003	0.5153	0.5466
rs11587903	-0.011	0.006	0.0278	0.002	0.5672	0.5616
rs115880544	0.0023	-0.003	0.1076	0.009	0.9606	0.98507
rs11588269	-0.0078	0.004	0.03	0.003	0.723	0.7201
rs11589393	0.0946	-0.008	0.0259	0.003	0.5798	0.5914
rs11589677	0.0777	-0.008	0.0249	0.003	0.5626	0.5784
rs11590351	-0.0221	-0.006	0.0281	0.003	0.7479	0.7351
rs11591056	-0.0102	0.004	0.0429	0.003	0.8252	0.7854
rs115911980	-0.0024	-0.006	0.1077	0.01	0.967	0.98321
rs115929572	-0.0546	-0.001	0.0653	0.005	0.9316	0.91791
rs116009334	-0.0038	0.002	0.1403	0.008	0.9843	0.98321
rs116014876	0.0541	0.007	0.1004	0.008	0.982	0.97761
rs1160506	-0.0018	0.004	0.0344	0.003	0.8196	0.8377
rs116059719	-0.0287	0.003	0.0425	0.004	0.8959	0.8787
rs116084039	-0.0295	0.004	0.1018	0.009	0.9826	0.98507
rs116106829	-0.093	0.003	0.0645	0.007	0.951	0.94403
rs116135843	-0.0268	0.004	0.0494	0.004	0.8333	0.8657
rs116211032	0.1631	-0.003	0.1172	0.01	0.9847	0.98881
rs116212438	0.0373	0.001	0.1046	0.011	0.9839	0.98881
rs116276872	0.005	-0.01	0.0944	0.009	0.9753	0.97761
rs116289854	-0.1495	0.003	0.1789	0.009	0.9921	0.98321
rs116377258	-0.1081	0.001	0.074	0.007	0.9723	0.97575
rs116468196	0.078	0.005	0.082	0.007	0.9743	0.97388
rs116478183	-0.0383	0	0.069	0.006	0.9559	0.93843
rs116532364	-0.0089	0	0.0897	0.009	0.975	0.97575
rs116586116	0.0669	0.001	0.0959	0.01	0.9816	0.98134
rs116649576	0.0601	-0.011	0.1641	0.01	0.9822	0.97761
rs116675658	0.5654	0.005	0.1032	0.006	0.9522	0.94776
rs116681683	0.0704	0.001	0.0954	0.009	0.9814	0.98134
rs116736891	0.0219	0.016	0.071	0.008	0.9615	0.97201
rs116742594	0.0023	-0.003	0.1076	0.009	0.9606	0.98507
rs116803059	0.1078	0.008	0.0961	0.008	0.9764	0.97015
rs116916956	-0.0037	0.004	0.0277	0.003	0.7228	0.7183
rs117223302	-0.0314	0	0.0735	0.009	0.9176	0.98134
rs117794719	-0.0314	0	0.0736	0.009	0.9178	0.98321
rs11799347	-0.0371	0.003	0.0392	0.004	0.8789	0.8545
rs11799885	-0.0083	0.001	0.0298	0.003	0.7848	0.7929
rs11801449	-0.0818	-0.001	0.0329	0.003	0.7694	0.7425
rs11802377	-0.0874	0	0.0508	0.004	0.9172	0.90299
rs11802453	-0.0609	-0.002	0.0604	0.005	0.9448	0.93843
rs11803168	-0.0313	0.004	0.0352	0.003	0.8488	0.8433
rs11803270	-0.0276	0.001	0.0425	0.004	0.8663	0.8657
rs11803309	-0.0195	0.003	0.0912	0.005	0.9381	0.9347
rs11803546	0.0374	0.002	0.0257	0.002	0.4683	0.4813
rs11806192	-0.0088	0.004	0.0372	0.003	0.8473	0.8414
rs11806624	0.017	0.005	0.0516	0.004	0.8857	0.8377
rs11807	0.0085	0	0.0342	0.003	0.8202	0.819
rs11808720	-0.0228	0.004	0.0812	0.005	0.9574	0.94403
rs11809116	-0.0381	0.005	0.0368	0.003	0.8617	0.8321
rs11810577	-0.0229	-0.002	0.0313	0.003	0.8085	0.8246
rs11810910	-0.0057	0.001	0.044	0.002	0.6159	0.556
rs11811573	-0.0603	0.003	0.1935	0.009	0.9879	0.98881
rs12021920	-8e-04	-0.005	0.0357	0.003	0.8453	0.8582
rs12023057	-0.0339	0.004	0.0347	0.003	0.8521	0.8638
rs12023950	-0.0112	-0.003	0.0313	0.003	0.8116	0.8228
rs12023963	-0.0112	-0.003	0.0307	0.003	0.8043	0.8172
rs12024138	-0.0272	-0.009	0.0881	0.006	0.9394	0.94776
rs12024264	-0.0269	-0.009	0.0881	0.006	0.9395	0.94776
rs12024479	0.0087	-0.002	0.0243	0.003	0.5243	0.5299
rs12025963	-0.1231	-0.002	0.0517	0.005	0.9417	0.93284
rs12026687	-0.0869	0.009	0.0286	0.003	0.6161	0.666
rs12028540	-0.0449	0.006	0.0577	0.006	0.9401	0.92537
rs12028741	-0.028	-0.009	0.0879	0.006	0.9396	0.94776
rs12028977	0.0532	-0.005	0.0276	0.003	0.6837	0.7127
rs12032044	-0.0018	0.004	0.0343	0.003	0.821	0.8396
rs12032576	0.0288	-0.005	0.1138	0.006	0.9674	0.91978
rs12032606	-0.0367	0.005	0.0603	0.005	0.9354	0.94216
rs12032927	-0.0918	0.004	0.0648	0.007	0.9499	0.94403
rs12033376	-0.0227	-0.002	0.0313	0.003	0.8092	0.8265
rs12034102	-0.0052	-0.001	0.0367	0.003	0.7725	0.7369
rs12034314	-0.0018	0.004	0.0345	0.003	0.8207	0.8396
rs12034561	-0.0423	0.002	0.0528	0.003	0.8076	0.7929
rs12034749	0.0404	0	0.054	0.004	0.9121	0.91045
rs12036565	-0.1242	-0.002	0.0517	0.005	0.9417	0.93284
rs12036949	-0.1013	0.005	0.0687	0.007	0.9657	0.93284
rs12037970	-0.0205	-0.002	0.0316	0.003	0.8192	0.8302
rs12038543	-0.101	0.004	0.0677	0.007	0.9653	0.93284
rs12039212	-0.0175	0.004	0.0455	0.003	0.7763	0.7873
rs12039964	-0.017	0.004	0.0448	0.003	0.7706	0.7854
rs12042261	-0.107	-0.007	0.0399	0.003	0.7726	0.7369
rs12042401	0.143	-0.009	0.0277	0.003	0.6299	0.5802
rs12044778	-0.0064	-0.004	0.0322	0.003	0.8166	0.8228
rs12045016	0.0748	-0.007	0.0265	0.002	0.4926	0.4907
rs12045101	0	-0.003	0.0294	0.003	0.7727	0.7836
rs12045311	-0.0101	-0.003	0.0314	0.003	0.8135	0.8209
rs12046010	-0.0119	-0.003	0.0313	0.003	0.8114	0.8228
rs12046107	-0.0449	0.006	0.0577	0.006	0.9399	0.92537
rs12046933	-0.0496	0.006	0.0581	0.006	0.9425	0.92724
rs12048154	-0.0094	0.003	0.0296	0.003	0.7331	0.7201
rs12049330	-0.0041	-0.004	0.033	0.004	0.8489	0.8563
rs12059276	-0.0251	-0.005	0.0521	0.005	0.9205	0.9291
rs12060965	-0.0529	0.002	0.0325	0.003	0.8265	0.8414
rs12061448	-0.0234	-0.012	0.0798	0.009	0.9739	0.98134
rs12061779	-0.0363	-0.001	0.0308	0.003	0.7518	0.791
rs12062198	-0.0117	0.004	0.0376	0.002	0.5083	0.4198
rs12062656	0.0857	0.001	0.0866	0.005	0.9538	0.91231
rs12062976	-0.0199	0	0.0301	0.003	0.7568	0.7743
rs12063647	-0.0197	0.001	0.0293	0.003	0.7495	0.7724
rs12064369	0.0686	0.001	0.087	0.005	0.9548	0.91978
rs12065563	-0.0243	-0.012	0.0795	0.009	0.9755	0.98134
rs12065964	-0.0306	-0.012	0.09	0.009	0.9773	0.98134
rs12066164	0.0024	0	0.0305	0.003	0.7688	0.7854
rs12068571	-0.0196	0.001	0.0292	0.003	0.7497	0.7724
rs12072551	-0.0462	0	0.0302	0.003	0.6703	0.6922
rs12072603	0.0917	-0.002	0.036	0.003	0.7434	0.8004
rs12076202	0.0581	0.001	0.0254	0.002	0.5385	0.5541
rs12076463	-0.0379	-0.013	0.0907	0.009	0.9776	0.98321
rs12076921	-0.0675	-0.001	0.0779	0.009	0.9653	0.97388
rs12077003	-0.026	0.005	0.034	0.003	0.8451	0.8321
rs12077443	-0.0123	0.004	0.0381	0.002	0.5153	0.4198
rs12078984	-0.0196	0.001	0.0292	0.003	0.7497	0.7724
rs12080271	-0.0227	0	0.0309	0.003	0.6796	0.7108
rs12080540	-0.1019	0.002	0.0698	0.007	0.9035	0.96828
rs12085671	-0.2373	-0.011	0.1373	0.014	0.9783	0.98507
rs12086781	-0.1052	-0.007	0.0398	0.003	0.7731	0.7388
rs12087417	-0.0658	-0.001	0.0778	0.009	0.9698	0.97388
rs12088438	-0.0283	-0.005	0.0523	0.005	0.9245	0.9291
rs12089727	-0.1228	-0.002	0.0589	0.004	0.8582	0.92164
rs12097823	0.0857	0.001	0.0863	0.005	0.9536	0.91231
rs12116477	-0.087	0.01	0.0287	0.003	0.6193	0.6698
rs12116681	0.0068	0.005	0.053	0.004	0.8956	0.847
rs12118605	0.0022	-0.011	0.0677	0.005	0.9516	0.95149
rs12118799	-0.0241	0.003	0.0356	0.003	0.715	0.7332
rs12120542	0.0136	0	0.063	0.004	0.888	0.8825
rs12120793	-0.0143	0.007	0.0269	0.002	0.5764	0.5672
rs12121374	-0.0784	0.006	0.0395	0.003	0.6229	0.6287
rs12122130	-0.0865	0.01	0.0287	0.003	0.6164	0.6679
rs12123289	-0.0423	0.004	0.0388	0.003	0.8557	0.8451
rs12123410	-0.0367	0.003	0.0419	0.004	0.8891	0.8787
rs12123965	-0.007	0.001	0.0296	0.003	0.7847	0.791
rs12124202	-0.0782	0.006	0.0393	0.003	0.6216	0.625
rs12124382	-0.1271	0.007	0.0564	0.005	0.9291	0.92351
rs12125441	-0.0443	0.002	0.0404	0.003	0.6382	0.6399
rs12126524	-0.0483	0.003	0.0445	0.003	0.6541	0.6362
rs12126890	0.072	-0.003	0.0304	0.003	0.7292	0.7537
rs12126959	-0.0292	0.002	0.0336	0.003	0.835	0.8134
rs12127260	-0.0405	0.007	0.0605	0.004	0.9368	0.92537
rs12127427	-0.0261	0.003	0.0384	0.003	0.6993	0.6996
rs12127781	-0.0287	0.003	0.0406	0.004	0.8891	0.8731
rs12128176	-0.0108	0.006	0.0278	0.002	0.5667	0.5616
rs12128302	-0.0028	0.004	0.0282	0.003	0.7223	0.7183
rs12128437	-0.0161	0.006	0.0263	0.002	0.5851	0.5821
rs12129055	-0.0483	0.003	0.0445	0.003	0.6541	0.6362
rs12130170	-0.0352	0.004	0.0373	0.003	0.8536	0.847
rs12130690	0.0157	0.006	0.0306	0.003	0.5762	0.6381
rs12130721	-0.0285	0.007	0.0386	0.003	0.699	0.7034
rs12130914	-0.0494	0.002	0.0402	0.003	0.6153	0.6343
rs12131828	0.0583	-0.003	0.07	0.006	0.9369	0.95709
rs12132082	-0.0172	0.005	0.0253	0.002	0.5457	0.5168
rs12132386	-0.0299	0.006	0.0565	0.004	0.9341	0.92537
rs12132533	-0.1313	0.007	0.0316	0.003	0.8173	0.7929
rs12132863	-0.0152	0.005	0.0251	0.002	0.5441	0.5168
rs12133213	0.01	0.009	0.031	0.003	0.5952	0.653
rs12133336	-0.0071	0.004	0.0298	0.003	0.7231	0.7201
rs12133378	-0.0485	0.003	0.0401	0.003	0.6489	0.6586
rs12133405	-0.1312	0.007	0.0315	0.003	0.8172	0.7929
rs12133506	-0.1107	0.009	0.0357	0.003	0.7873	0.7817
rs12133997	-0.0031	0.004	0.028	0.003	0.7201	0.7164
rs12134543	-0.1311	0.007	0.0315	0.003	0.8171	0.7929
rs12135220	-0.0155	0.005	0.0252	0.002	0.5438	0.5149
rs12135320	-0.0112	0.006	0.0277	0.002	0.5654	0.5616
rs12135954	-0.0536	-0.008	0.0341	0.003	0.8288	0.8246
rs12136063	-0.0359	-0.01	0.0264	0.003	0.7005	0.6847
rs12136468	0.0299	0.004	0.0402	0.003	0.6529	0.7071
rs12136667	-0.0129	0.006	0.0277	0.002	0.5609	0.5616
rs12137189	-0.0356	-0.01	0.0264	0.003	0.7007	0.6847
rs12137237	0.1387	-0.009	0.027	0.003	0.6093	0.5821
rs12137466	-0.014	0.005	0.0249	0.002	0.5442	0.5205
rs12137743	-0.0052	0.002	0.0297	0.003	0.6723	0.6642
rs12137883	-0.0082	0.004	0.0299	0.003	0.722	0.7201
rs12137931	-0.0149	0.005	0.0245	0.002	0.5552	0.5336
rs12138110	-0.0092	0.004	0.0377	0.003	0.8493	0.8451
rs12138438	-0.0338	0.003	0.0294	0.003	0.6979	0.6847
rs12138503	-0.0142	0.005	0.025	0.002	0.5461	0.5243
rs12138667	-0.0155	0.004	0.0244	0.002	0.4848	0.4216
rs12138917	-0.0504	0.003	0.0399	0.003	0.6665	0.6567
rs12139085	-0.0159	0.005	0.0257	0.002	0.5562	0.5299
rs12139439	-0.0071	0.004	0.0366	0.003	0.8435	0.8414
rs12139907	0.0148	0.006	0.0489	0.004	0.8846	0.8358
rs12139915	-0.0277	0.003	0.0405	0.004	0.8894	0.8731
rs12139936	-0.006	0.004	0.0296	0.003	0.7231	0.7201
rs12140296	-0.0116	0.005	0.0282	0.002	0.5671	0.5616
rs12140832	-0.0252	0.003	0.0359	0.003	0.7166	0.7313
rs12141035	-0.0493	0.002	0.0393	0.003	0.651	0.6567
rs12141273	-0.0232	-0.014	0.0578	0.005	0.9413	0.93657
rs12142041	-0.1057	0.01	0.0438	0.005	0.917	0.91604
rs12142249	0.0303	0.002	0.0312	0.003	0.7727	0.7649
rs12143282	-0.016	0.006	0.0268	0.002	0.5891	0.584
rs12143283	-0.0864	0.009	0.0285	0.003	0.6159	0.666
rs12143955	-0.0166	0.006	0.0266	0.002	0.585	0.5821
rs12144499	-0.0113	0.006	0.0279	0.002	0.5641	0.5616
rs12144506	-0.0112	0.006	0.0278	0.002	0.5708	0.5653
rs12144508	-0.0112	0.006	0.0278	0.002	0.5708	0.5653
rs12144545	-0.0096	0.007	0.0368	0.004	0.8455	0.8414
rs12144618	-0.01	0.004	0.037	0.003	0.847	0.8414
rs12145677	-0.0337	-0.01	0.0264	0.003	0.7007	0.6847
rs12145996	-0.0279	0.004	0.0396	0.003	0.7007	0.6959
rs12146055	-0.0294	0.004	0.0394	0.003	0.6964	0.6959
rs12239350	-0.0139	0	0.0282	0.003	0.7611	0.7743
rs12239819	-0.1334	0.009	0.0311	0.003	0.8187	0.8022
rs12239977	-0.1329	0.009	0.0311	0.003	0.8189	0.8022
rs12401395	0.0832	0.002	0.0864	0.005	0.9497	0.90858
rs12401850	-0.0737	0.003	0.0421	0.003	0.6964	0.6399
rs12402414	-0.1049	-0.007	0.0398	0.003	0.7733	0.7388
rs12403087	0.0075	-0.002	0.0696	0.004	0.9175	0.8937
rs12403238	0.0855	-0.004	0.0971	0.005	0.9577	0.90858
rs12403693	0.0663	0.001	0.0984	0.005	0.9608	0.91231
rs12404024	-0.0945	0.004	0.0365	0.003	0.833	0.8265
rs12404100	0.0856	-0.004	0.0971	0.005	0.9577	0.90858
rs12404728	0.0783	-0.004	0.0827	0.005	0.9514	0.8955
rs12405275	0.0408	-0.006	0.0787	0.006	0.9496	0.96642
rs12405277	-0.0707	-0.003	0.0388	0.002	0.6347	0.5672
rs12405338	-0.0435	-0.004	0.0376	0.003	0.7066	0.6567
rs12407097	0.0908	-0.004	0.098	0.005	0.9565	0.90858
rs12407291	-0.105	-0.007	0.0397	0.003	0.7726	0.7388
rs12407527	-0.105	-0.007	0.0397	0.003	0.7723	0.7351
rs12408595	-0.0711	-0.003	0.0388	0.002	0.6347	0.5672
rs12408631	0.0234	0.001	0.1141	0.005	0.967	0.91978
rs12408968	0.0566	0.002	0.0257	0.003	0.5619	0.569
rs12410178	0.0862	0.001	0.086	0.005	0.9533	0.91231
rs12410396	-0.1092	-0.007	0.0407	0.003	0.7823	0.7388
rs12563285	0.0141	-0.001	0.073	0.004	0.9164	0.8899
rs12563327	-0.0356	0.003	0.0799	0.008	0.9278	0.98507
rs12563328	-0.0356	0.003	0.0799	0.008	0.9278	0.98507
rs12563329	-0.0356	0.003	0.0799	0.008	0.9278	0.98507
rs12563339	-0.0356	0.003	0.0799	0.008	0.9278	0.98507
rs12564248	-0.0639	-0.004	0.034	0.003	0.7302	0.7015
rs12721515	-0.2076	0	0.202	0.009	0.9913	0.97761
rs12721543	0.1842	0.019	0.1244	0.011	0.9776	0.97575
rs12723805	-0.1319	0.008	0.0312	0.003	0.8197	0.8004
rs12727662	-0.0307	-0.001	0.0486	0.003	0.7878	0.7649
rs12729068	-0.0116	0.011	0.1311	0.008	0.9728	0.96082
rs12730212	0.001	0.01	0.1302	0.008	0.9703	0.96082
rs12733419	0.0498	0.014	0.0985	0.004	0.9656	0.96642
rs12733724	-0.0166	0.006	0.0269	0.002	0.5739	0.569
rs12734821	-0.0024	0.005	0.0275	0.002	0.519	0.472
rs12736201	-0.0851	0.01	0.0275	0.003	0.6212	0.6698
rs12736389	-0.03	-0.001	0.0394	0.003	0.8218	0.7948
rs12739021	-0.0194	-0.001	0.0382	0.003	0.7974	0.7985
rs12739493	-0.0473	0.006	0.0471	0.004	0.9118	0.92164
rs12741221	0.0352	0	0.0303	0.003	0.7849	0.791
rs12742528	-0.0109	0	0.0311	0.003	0.7915	0.8022
rs12743015	-0.0118	0.011	0.1311	0.008	0.9728	0.96082
rs12743266	-0.0199	-0.001	0.0383	0.003	0.7984	0.8022
rs12743515	-0.0144	0	0.0301	0.003	0.747	0.7799
rs12745170	-0.0267	-0.004	0.0523	0.005	0.9228	0.92537
rs12745189	0.003	-0.004	0.0243	0.003	0.4983	0.4515
rs12746026	0.0696	0.009	0.1373	0.012	0.9887	0.98881
rs12747528	0.021	0.005	0.0534	0.003	0.886	0.834
rs12749429	-0.0299	0.004	0.0369	0.003	0.6643	0.6772
rs12750652	-0.0168	0.004	0.0331	0.003	0.6979	0.6642
rs12751930	-0.1311	0.007	0.0315	0.003	0.8171	0.7929
rs12752803	-0.0112	0.006	0.0279	0.002	0.5661	0.5616
rs12753439	-0.0362	-0.01	0.0264	0.003	0.7007	0.6847
rs12755050	-0.0108	0.006	0.0278	0.002	0.5663	0.5616
rs12756457	-0.0255	0.004	0.0372	0.003	0.8589	0.8396
rs12756544	-0.0548	0.001	0.0851	0.006	0.9516	0.93843
rs12758610	-0.0403	0.003	0.082	0.006	0.9363	0.95149
rs12758614	-0.0404	0.002	0.0798	0.006	0.9531	0.95149
rs1278847	-0.0322	-0.009	0.0267	0.003	0.7027	0.694
rs1279195	0.0227	0.01	0.0444	0.004	0.9167	0.92351
rs1281006	-0.0387	0.002	0.0688	0.007	0.9617	0.95896
rs1281007	-0.0377	0.002	0.0649	0.007	0.9586	0.95896
rs1281009	-0.0378	0.002	0.0648	0.007	0.9595	0.95896
rs1281012	-0.0372	0.001	0.0631	0.007	0.9606	0.95896
rs1281013	-0.0371	0.002	0.063	0.007	0.9611	0.95896
rs1281014	-0.0372	0.002	0.0631	0.007	0.9606	0.95896
rs1281015	-0.0377	0.004	0.065	0.007	0.9345	0.95896
rs1281016	-0.038	0.003	0.0651	0.007	0.9594	0.95896
rs1281019	-0.0388	0.003	0.0664	0.007	0.951	0.95896
rs1281020	-0.0384	0.003	0.0672	0.007	0.9502	0.95896
rs1281021	-0.039	0.002	0.0698	0.007	0.9105	0.95709
rs1281022	-0.0383	0.002	0.067	0.007	0.95	0.95896
rs1281023	-0.0511	0.005	0.1093	0.007	0.9756	0.96455
rs1281024	-0.0407	0.006	0.074	0.007	0.937	0.96455
rs1281025	-0.0508	0.006	0.1103	0.007	0.9755	0.96455
rs1281026	-0.0407	0.006	0.0756	0.007	0.9362	0.96455
rs1281027	-0.0512	0.005	0.117	0.007	0.9762	0.96455
rs1281029	-0.0416	0.005	0.0758	0.007	0.9354	0.96455
rs1281030	-0.05	0.005	0.1204	0.007	0.9765	0.96455
rs1281031	-0.0417	0.004	0.0767	0.007	0.9363	0.96455
rs1292096	0.0053	0	0.0353	0.003	0.8109	0.8078
rs1292097	0.0059	-0.002	0.0288	0.003	0.5829	0.5802
rs1292098	0.0416	0	0.0481	0.004	0.8865	0.8955
rs1292099	0.0062	-0.002	0.0293	0.003	0.5854	0.5802
rs1296954	0.007	0.002	0.0301	0.003	0.5644	0.5541
rs1296955	0.0425	0	0.0486	0.004	0.885	0.8955
rs1323723	0.0583	0.001	0.0255	0.002	0.5376	0.5541
rs1323724	0.0694	-0.001	0.0302	0.002	0.552	0.5485
rs1332018	0.003	0	0.0257	0.003	0.5512	0.5616
rs1334882	0.0132	-0.006	0.0268	0.002	0.5296	0.5634
rs13375998	-0.0064	-0.001	0.0307	0.003	0.7354	0.7369
rs1360513	0.0058	0	0.0278	0.003	0.4407	0.4627
rs138593150	0.2757	-0.007	0.1744	0.01	0.9897	0.98507
rs138966410	0.0774	0.004	0.1	0.008	0.9788	0.97015
rs139021792	0.6788	0.002	0.1543	0.012	0.9817	0.98321
rs1390954	0.1344	-0.009	0.0261	0.003	0.6052	0.5821
rs1390955	0.1352	-0.009	0.0262	0.003	0.6029	0.5821
rs139112143	-0.0182	0.002	0.0331	0.003	0.5986	0.584
rs139116069	0.0872	0.017	0.0903	0.011	0.9589	0.95896
rs1391279	-0.0994	-0.011	0.1674	0.008	0.9887	0.97388
rs1391280	-0.0084	0.004	0.0367	0.003	0.8464	0.8414
rs1391281	-0.0156	0.003	0.0315	0.003	0.7412	0.7276
rs139614270	-0.0991	0.006	0.1115	0.012	0.9765	0.97388
rs139689024	0.0237	-0.019	0.245	0.017	0.9926	0.98881
rs139858738	0.2886	0.018	0.0993	0.008	0.9542	0.97388
rs140266316	0.1669	-0.017	0.1936	0.013	0.9893	0.98321
rs140604451	-0.07	0	0.0786	0.008	0.9679	0.97948
rs141169907	0.086	0	0.1171	0.013	0.9776	0.97948
rs1416815	0.0024	0.004	0.0404	0.003	0.8072	0.806
rs14184	-0.0462	-0.009	0.0274	0.003	0.7031	0.6978
rs142083647	0.3438	0.003	0.312	0.018	0.9956	0.98694
rs142108673	0.0965	-0.03	0.1158	0.017	0.9883	0.98507
rs142114850	0.1679	0.01	0.1216	0.012	0.9892	0.98507
rs142631086	-0.0494	0.001	0.0917	0.008	0.9773	0.97388
rs142639967	0.2758	-0.007	0.1747	0.01	0.9898	0.98507
rs142709474	-0.0868	-0.041	0.8121	0.038	0.9995	0.98881
rs143386379	0.277	0.019	0.0998	0.009	0.9604	0.98881
rs1434284	-0.0943	0.004	0.0646	0.007	0.9492	0.94216
rs1434285	-0.0104	-0.003	0.0304	0.003	0.8038	0.819
rs143740655	-0.3743	-0.01	0.2724	0.014	0.9952	0.98881
rs144376234	-0.1024	0	0.0738	0.007	0.9722	0.97575
rs144453513	0.057	0.006	0.1361	0.011	0.985	0.97761
rs144878974	-0.4109	0	0.1529	0.008	0.9875	0.98134
rs144916786	-0.0909	-0.041	0.8129	0.038	0.9995	0.98881
rs145037862	-0.1261	-0.006	0.1312	0.008	0.974	0.98134
rs145129276	9e-04	-0.007	0.0394	0.004	0.8875	0.91418
rs145259229	0.1687	0.011	0.1218	0.012	0.9892	0.98507
rs145330250	-0.1646	-0.007	0.1519	0.008	0.9854	0.98134
rs145343491	-0.0363	-0.024	0.261	0.017	0.9951	0.98694
rs145836456	0.1671	0.014	0.1222	0.012	0.9893	0.98507
rs145858840	-0.0508	0.001	0.0624	0.005	0.93	0.91791
rs1466788	0.1347	-0.009	0.0265	0.003	0.6068	0.5746
rs1466806	-0.0089	0.004	0.0301	0.003	0.7222	0.7201
rs1466938	0.0074	-0.001	0.0368	0.003	0.5958	0.5858
rs146887897	0.0702	0	0.1319	0.016	0.9829	0.98694
rs147165141	0.3361	0.038	0.1178	0.011	0.9655	0.98881
rs147515003	0.1139	0.012	0.1293	0.01	0.9826	0.98694
rs1475800	-0.0688	0.002	0.0756	0.008	0.9159	0.97761
rs148173521	0.0779	0.018	0.1217	0.013	0.9864	0.98694
rs148295757	-0.0397	-0.007	0.183	0.015	0.9923	0.97575
rs148350097	0.1678	0.006	0.1222	0.015	0.9893	0.98507
rs148570691	0.021	0.013	0.0851	0.007	0.9582	0.96455
rs148808330	-0.0034	0.004	0.0279	0.003	0.7222	0.7164
rs148847076	-0.0073	0.042	0.1405	0.029	0.9912	0.98507
rs149426003	-0.3292	0.004	0.107	0.006	0.9662	0.9459
rs149430394	-0.0011	0.001	0.1199	0.013	0.9742	0.95709
rs149677411	0.113	0.006	0.1315	0.008	0.9738	0.97015
rs149709357	0.138	0.013	0.1439	0.01	0.9827	0.98694
rs149910345	-0.2179	0.027	0.2209	0.014	0.9947	0.98881
rs149980943	0.1782	0	0.1071	0.01	0.9838	0.97948
rs150096452	0.1774	0.04	0.2747	0.02	0.9949	0.98694
rs150113051	0.274	0.02	0.0985	0.01	0.9542	0.98134
rs150374726	-0.1175	-0.004	0.0424	0.003	0.8007	0.7668
rs1504405	-0.053	0.002	0.0325	0.003	0.8266	0.8414
rs150489650	0.0256	-0.001	0.0832	0.007	0.9658	0.97575
rs150543396	0.1058	0.006	0.1243	0.008	0.9747	0.97015
rs151281578	0.2806	0.019	0.098	0.008	0.9541	0.97388
rs1525916	-0.0352	-0.01	0.0265	0.003	0.7024	0.6847
rs1532805	-0.0373	0.003	0.0251	0.003	0.6233	0.5951
rs1537234	0.0196	0.001	0.0279	0.003	0.6075	0.5858
rs1537235	0.0066	0.002	0.0288	0.003	0.7103	0.6866
rs1537236	-0.0139	0	0.0268	0.003	0.4666	0.4832
rs15651	-0.0143	0.006	0.0274	0.002	0.5733	0.5578
rs1571858	0.0054	0.002	0.0289	0.003	0.7094	0.6866
rs1571859	0.0132	0.003	0.0287	0.003	0.6997	0.6847
rs1572263	0.055	-0.005	0.0277	0.003	0.6844	0.7146
rs1572335	0.0064	-0.004	0.0339	0.003	0.7979	0.8022
rs15864	0.0198	0	0.0285	0.003	0.7096	0.6903
rs1608916	0.002	-0.005	0.0399	0.004	0.888	0.90112
rs167985	-0.0854	0.01	0.0256	0.003	0.6087	0.6698
rs17023106	-0.0163	-0.007	0.0311	0.003	0.7832	0.7892
rs17024132	0.0271	0.008	0.0379	0.004	0.869	0.8582
rs17024195	-0.0247	-0.004	0.0318	0.003	0.7998	0.8097
rs17024249	-0.1283	0.012	0.0806	0.008	0.9673	0.95709
rs17024258	-0.1126	0.001	0.0732	0.007	0.9718	0.97388
rs17024393	-0.1141	0.001	0.0732	0.007	0.9718	0.97388
rs17024628	0.0198	0.007	0.0346	0.003	0.8515	0.8619
rs17024629	0.0204	0.007	0.0348	0.003	0.8499	0.8619
rs17024661	-0.0112	0.01	0.1322	0.008	0.9742	0.95896
rs17024790	0.0299	0.003	0.0991	0.007	0.9554	0.96642
rs17024803	-0.0271	-0.003	0.0299	0.004	0.7847	0.791
rs17024940	0.0185	0.001	0.1077	0.009	0.9624	0.98507
rs17024950	0.0186	-0.004	0.1077	0.009	0.9624	0.98507
rs17024957	0.0186	-0.001	0.1077	0.009	0.9624	0.98507
rs17025039	-0.0231	-0.001	0.0737	0.004	0.9093	0.9291
rs17025047	-0.1005	0.005	0.0686	0.007	0.9658	0.93284
rs17025049	-0.1002	0.004	0.0686	0.007	0.9657	0.93284
rs17025216	-0.0354	0.002	0.0328	0.003	0.8406	0.8507
rs17025223	-0.088	0	0.0484	0.004	0.9116	0.90112
rs17025227	-0.0893	0	0.0483	0.004	0.9138	0.90299
rs17025286	-0.1217	-0.002	0.0516	0.005	0.942	0.93284
rs17025313	-0.0956	0.004	0.0371	0.003	0.8349	0.8284
rs17025375	-0.1125	-0.02	0.1837	0.015	0.9953	0.98134
rs17025426	-0.0626	-0.001	0.0626	0.005	0.9435	0.9403
rs17025455	-0.0524	-0.001	0.069	0.005	0.9466	0.9403
rs17025692	0.0462	0.001	0.0992	0.005	0.9623	0.91978
rs17025729	0.0603	0.001	0.0831	0.005	0.9496	0.91978
rs17025740	-0.0253	0.001	0.0539	0.006	0.9461	0.9403
rs17025773	-0.0884	-0.004	0.0401	0.003	0.817	0.8022
rs1715221	0.0578	-0.003	0.0277	0.003	0.6929	0.722
rs17358933	-0.1069	-0.003	0.0413	0.003	0.8309	0.8116
rs17517088	0.1327	-0.002	0.1017	0.007	0.9625	0.96455
rs1752389	-0.0607	0.002	0.0698	0.005	0.9051	0.91418
rs17551493	-0.1056	0.003	0.0391	0.003	0.8405	0.8302
rs17575205	-0.0355	-0.007	0.0284	0.003	0.755	0.7388
rs17575427	0.0129	0.007	0.0603	0.005	0.9521	0.95149
rs17575742	-0.0097	-0.003	0.0313	0.003	0.8136	0.8209
rs17575798	-0.0101	-0.003	0.0314	0.003	0.8136	0.8209
rs1758104	0.0511	-0.002	0.0513	0.003	0.8196	0.806
rs1758105	0.0079	0.001	0.0534	0.004	0.8879	0.8974
rs17595368	-8e-04	-0.005	0.0358	0.003	0.8446	0.8563
rs17597934	0.1297	0	0.084	0.005	0.961	0.94403
rs17610659	0.1517	-0.009	0.0245	0.002	0.4768	0.4888
rs1761632	-0.0141	-0.008	0.0261	0.003	0.6842	0.6474
rs17626812	-0.0873	-0.004	0.0393	0.003	0.8383	0.8078
rs17627329	-0.0861	-0.004	0.0407	0.003	0.8251	0.8041
rs17628304	-0.0703	-0.004	0.0395	0.002	0.6362	0.5672
rs17648684	-5e-04	-0.011	0.0673	0.005	0.952	0.95149
rs1765756	-0.027	-0.007	0.0284	0.003	0.7592	0.7407
rs17661447	0.1196	-0.008	0.0289	0.003	0.6314	0.6063
rs17668350	-0.1125	0.008	0.0447	0.005	0.9207	0.92537
rs17671723	-0.0084	0.004	0.0301	0.003	0.7225	0.7201
rs17679376	-0.0952	-0.002	0.0434	0.003	0.7156	0.6679
rs17854972	-0.0397	-0.002	0.0599	0.004	0.9054	0.8937
rs1799875	0.0331	0.003	0.0261	0.003	0.5192	0.5485
rs1808183	-0.0216	-0.005	0.053	0.005	0.9227	0.91604
rs1809850	0.0133	-0.005	0.0272	0.002	0.5277	0.5616
rs182292044	-0.0816	0.022	0.0933	0.012	0.9756	0.98507
rs1834	-0.0918	0.004	0.0349	0.003	0.8217	0.8134
rs184047263	-0.1175	-0.001	0.1318	0.013	0.9887	0.98881
rs185301903	0.1612	-0.002	0.1547	0.017	0.9858	0.98507
rs1854962	0.0144	0.002	0.0298	0.003	0.7361	0.7239
rs1857512	-0.0252	0.005	0.0333	0.003	0.843	0.8284
rs1857513	-0.0252	0.005	0.0333	0.003	0.843	0.8284
rs186458929	0.3431	0.003	0.312	0.018	0.9956	0.98694
rs186724	-0.1133	0.01	0.0351	0.003	0.7847	0.7854
rs1869596	0.1393	-0.009	0.0271	0.003	0.6097	0.5821
rs187018817	-0.0204	0.002	0.103	0.01	0.9843	0.98507
rs1879093	0.0096	0.001	0.0284	0.003	0.7673	0.7332
rs1886107	-0.0297	0.003	0.0415	0.003	0.7192	0.7052
rs1886108	-0.0371	0.003	0.0401	0.003	0.6722	0.681
rs188745680	-0.1192	-0.014	0.1201	0.016	0.9841	0.97761
rs1887546	-0.0022	-0.001	0.031	0.003	0.7139	0.7127
rs1887547	-0.0112	0	0.0249	0.003	0.5769	0.5896
rs1887548	-0.0119	0	0.0249	0.003	0.5741	0.5821
rs1887550	-0.0197	0	0.0296	0.003	0.7284	0.7743
rs1887551	-0.013	0	0.0289	0.003	0.7618	0.7761
rs1889470	-0.0247	-0.004	0.0316	0.003	0.7993	0.8097
rs1889716	0.0759	-0.007	0.0267	0.002	0.4968	0.5
rs1889717	0.0736	-0.007	0.0266	0.002	0.494	0.4963
rs190115410	-0.1759	-0.006	0.1443	0.015	0.9917	0.98881
rs190384829	0.1185	0.004	0.127	0.017	0.9823	0.98694
rs191261140	-0.0395	-0.011	0.2079	0.01	0.9894	0.98321
rs191378	0.0605	0.002	0.0304	0.003	0.795	0.7817
rs1914955	0.0028	0.004	0.0402	0.003	0.8122	0.806
rs192434147	-0.0373	0.007	0.0386	0.005	0.878	0.8731
rs192562872	-0.0887	0.016	0.1587	0.009	0.9814	0.98694
rs1927328	0.0125	0.003	0.0287	0.003	0.704	0.6866
rs1927329	0.0165	0.001	0.0613	0.004	0.9128	0.8582
rs1965990	0.1433	-0.009	0.0277	0.003	0.6299	0.5802
rs1984293	0.0808	-0.004	0.033	0.003	0.7175	0.7743
rs1999713	-0.0742	0.005	0.0398	0.003	0.6362	0.6381
rs1999714	-0.0868	0.006	0.0401	0.003	0.639	0.6269
rs1999715	-0.0793	0.006	0.0397	0.003	0.6255	0.6231
rs2011148	-0.0143	0.005	0.0249	0.002	0.5442	0.5205
rs2017547	-0.0117	0.006	0.0278	0.002	0.5656	0.5616
rs2018177	-0.012	0.006	0.0259	0.002	0.5695	0.5597
rs2018431	-0.0107	0.007	0.0311	0.003	0.5381	0.5373
rs2030013	-0.018	0.006	0.027	0.002	0.5795	0.5821
rs2030015	-0.0107	0.006	0.0277	0.002	0.5662	0.5616
rs2030016	-0.0108	0.006	0.0277	0.002	0.5677	0.5616
rs2036192	-8e-04	-0.005	0.0263	0.002	0.5135	0.5429
rs2047900	-0.0335	0.003	0.0253	0.003	0.6121	0.5821
rs2050462	-0.0978	0.008	0.0274	0.003	0.6511	0.6362
rs2073483	0.0145	0.004	0.0285	0.003	0.5929	0.6063
rs2077074	-0.0217	-0.01	0.053	0.006	0.9227	0.91604
rs2085134	0.1366	-0.009	0.0265	0.003	0.6094	0.5821
rs2089144	-0.1325	0.009	0.0311	0.003	0.8188	0.8004
rs2091329	-0.0549	-0.009	0.0281	0.003	0.7115	0.7108
rs2094469	-0.0117	-0.001	0.0285	0.003	0.7695	0.7668
rs2115787	-0.0337	-0.01	0.0266	0.003	0.703	0.6847
rs2132989	0.0694	-0.004	0.0304	0.003	0.7237	0.7612
rs2132990	-0.0148	0.006	0.0245	0.002	0.5543	0.5336
rs2140923	-0.0337	-0.01	0.0266	0.003	0.703	0.6847
rs2151843	-0.0403	-0.008	0.0338	0.003	0.8237	0.7873
rs2152924	-0.0354	-0.01	0.0264	0.003	0.7005	0.681
rs2174309	0.1168	0.003	0.0647	0.004	0.8752	0.8862
rs2181695	-0.038	0.004	0.048	0.003	0.7189	0.6884
rs2198612	-0.0473	0.003	0.043	0.003	0.6601	0.6381
rs2198613	-0.0495	0.003	0.0445	0.003	0.6672	0.6493
rs2201808	-0.0017	0.004	0.0343	0.003	0.8211	0.8396
rs2209158	-0.0502	0.002	0.0394	0.003	0.5699	0.6101
rs2209825	-0.0022	0.002	0.0281	0.003	0.6709	0.6474
rs2224807	0.0872	-0.003	0.0411	0.003	0.674	0.7313
rs2225767	0.1509	-0.009	0.0245	0.002	0.4771	0.4869
rs2227963	-0.0207	-0.006	0.0534	0.005	0.9237	0.91604
rs2229059	-0.0447	0	0.0607	0.005	0.9305	0.91978
rs2229166	-0.03	0.003	0.0349	0.003	0.8443	0.8563
rs2234696	-0.0566	0	0.0524	0.005	0.9084	0.91604
rs2269340	-0.0345	0.003	0.0452	0.005	0.9056	0.91231
rs2269341	0.0151	0.004	0.025	0.003	0.5699	0.584
rs2271885	-0.0236	0.002	0.0548	0.006	0.9442	0.93657
rs2272272	0.0131	0.006	0.0589	0.005	0.9542	0.9459
rs2274536	-0.0052	-0.001	0.0301	0.003	0.7299	0.7295
rs2274568	0.1324	-0.008	0.026	0.003	0.5935	0.5728
rs2275123	-0.0397	0.001	0.0335	0.003	0.8482	0.8657
rs2279722	-0.0131	0.006	0.0263	0.002	0.5665	0.5616
rs2297706	-0.0353	0.002	0.035	0.003	0.8406	0.8601
rs2297797	0.032	0.009	0.0243	0.003	0.5303	0.5392
rs2298116	-0.0091	0.004	0.0514	0.006	0.9433	0.94776
rs2301229	-0.0227	-0.002	0.0316	0.003	0.8201	0.8302
rs2301230	0.0365	0.002	0.0257	0.002	0.4636	0.4776
rs2304355	-8e-04	-0.005	0.0358	0.003	0.8446	0.8582
rs2359652	-0.0361	-0.01	0.0266	0.003	0.7029	0.6772
rs2359653	-0.0347	-0.01	0.0265	0.003	0.694	0.681
rs2360635	-0.0737	0.01	0.0255	0.003	0.6365	0.6698
rs2360636	0.1234	-0.009	0.025	0.003	0.5999	0.5784
rs2361046	-0.1051	-0.007	0.0396	0.003	0.7721	0.7388
rs2361047	-0.1049	-0.007	0.0397	0.003	0.7728	0.7388
rs2361308	0.0418	0.001	0.0977	0.005	0.961	0.91978
rs2479390	0.0084	0.002	0.0494	0.004	0.8187	0.778
rs2483789	-0.0328	-0.006	0.0277	0.003	0.6914	0.6959
rs2483920	-0.0491	-0.003	0.0438	0.004	0.8937	0.8601
rs2570972	0.0397	0.006	0.0263	0.002	0.5199	0.4757
rs2570973	0.0294	0.006	0.0247	0.002	0.4747	0.4608
rs2603579	0.0029	-0.005	0.0383	0.003	0.5706	0.5746
rs2603580	0.0031	-0.005	0.0384	0.003	0.5685	0.5746
rs2603583	0.0043	-0.005	0.0388	0.003	0.5706	0.5896
rs2603587	0.0875	-0.003	0.0412	0.003	0.6743	0.7332
rs2603592	-0.0089	0.002	0.0306	0.003	0.5406	0.5261
rs2603593	0.007	0.001	0.0427	0.003	0.5999	0.528
rs2603594	0.0037	0	0.0362	0.003	0.53	0.5205
rs2603595	4e-04	-0.007	0.0304	0.003	0.5369	0.5709
rs2646798	0.0574	-0.003	0.0278	0.003	0.6933	0.7183
rs2692703	0.0294	0.006	0.0248	0.002	0.4741	0.459
rs2692704	0.0291	0.006	0.0247	0.002	0.4743	0.459
rs2692705	-0.0015	0	0.0303	0.003	0.7714	0.7873
rs2692706	0.002	0	0.0304	0.003	0.7687	0.7854
rs2761438	0.0044	-0.007	0.033	0.003	0.5877	0.5784
rs2761439	0.0111	0.002	0.038	0.003	0.5828	0.5354
rs2761440	-0.0077	-0.005	0.033	0.003	0.5427	0.5578
rs2769277	-0.0105	0.005	0.0262	0.003	0.6967	0.6287
rs2777905	-0.0054	0.006	0.1026	0.01	0.9801	0.98881
rs2781552	-0.0389	-0.009	0.0263	0.003	0.6954	0.6754
rs2781553	-0.038	-0.009	0.0263	0.003	0.6972	0.6772
rs2781555	0.0028	0	0.0304	0.003	0.7676	0.7854
rs2781556	0.0295	0.006	0.0247	0.002	0.4744	0.4571
rs2781557	0.0295	0.006	0.0247	0.002	0.4743	0.459
rs2781558	-0.0013	0	0.0304	0.003	0.7716	0.7873
rs2781559	-9e-04	0	0.0304	0.003	0.7717	0.7873
rs2781560	0.0292	0.006	0.0247	0.002	0.4742	0.459
rs2781814	0.0191	0.007	0.0343	0.003	0.8448	0.8563
rs2781815	0.0181	0.008	0.0343	0.003	0.8455	0.8601
rs2784141	0.003	-0.005	0.0383	0.003	0.5675	0.5746
rs2784144	-0.0067	-0.007	0.0312	0.003	0.5794	0.597
rs2784146	0.0291	-0.003	0.0429	0.003	0.5783	0.5989
rs2784147	0.0144	-0.002	0.0384	0.003	0.529	0.5616
rs2784148	-0.0076	-0.005	0.0305	0.003	0.607	0.5709
rs2787015	-0.0331	-0.01	0.0265	0.003	0.6963	0.681
rs2813773	-0.0115	0.005	0.0257	0.003	0.6915	0.6287
rs28362580	-0.0365	0.007	0.0551	0.006	0.9369	0.92164
rs28362581	-0.0461	0.006	0.0577	0.006	0.9402	0.92537
rs28502029	-0.0476	0.002	0.0393	0.003	0.6519	0.6586
rs28623664	0.0022	0.004	0.0283	0.003	0.5234	0.5429
rs28751997	-0.07	0	0.0822	0.009	0.9661	0.97388
rs2884752	-0.0351	-0.01	0.0266	0.003	0.7032	0.6847
rs2884855	-0.0124	0.004	0.038	0.002	0.5168	0.4235
rs2885144	-0.1051	-0.007	0.0397	0.003	0.7727	0.7388
rs2885145	-0.1047	-0.007	0.0396	0.003	0.7706	0.7369
rs2885146	-0.1051	-0.007	0.0397	0.003	0.7716	0.7388
rs2938616	-0.0104	0.005	0.0262	0.003	0.6965	0.6325
rs2946571	-0.0379	-0.003	0.0273	0.003	0.733	0.7127
rs3093037	-0.1165	0.008	0.0341	0.003	0.8349	0.806
rs3093040	0.1151	-0.008	0.0296	0.003	0.6252	0.5989
rs3093041	0.1228	-0.007	0.0296	0.003	0.6348	0.6119
rs3093044	-0.1242	-0.001	0.0588	0.004	0.8547	0.92724
rs3093045	-0.0534	0	0.079	0.008	0.9215	0.98134
rs3093047	-0.0629	0.001	0.0339	0.003	0.8278	0.8545
rs3093048	-0.0509	-0.001	0.0793	0.008	0.923	0.98134
rs3093050	-0.1285	-0.002	0.0904	0.005	0.9502	0.95149
rs3093053	-0.1139	-0.003	0.0756	0.007	0.9126	0.96642
rs3093054	-0.0749	0.005	0.0406	0.003	0.6397	0.6362
rs3093055	-0.0748	0.005	0.0407	0.003	0.64	0.6362
rs3093056	-0.0817	0.006	0.0407	0.003	0.653	0.6362
rs3093057	-0.0795	0.005	0.0403	0.003	0.6564	0.6381
rs3138072	-0.1179	0.008	0.0348	0.003	0.8377	0.8078
rs333074	-0.0895	0.01	0.0257	0.003	0.6042	0.6567
rs333076	-0.0829	0.01	0.0255	0.003	0.609	0.6679
rs333077	-0.0829	0.01	0.0255	0.003	0.609	0.6679
rs333078	-0.09	0.011	0.0256	0.003	0.6084	0.6716
rs333079	-0.0923	0.012	0.0252	0.003	0.6196	0.6679
rs333947	-0.0563	0.003	0.0344	0.003	0.8535	0.8451
rs333948	0.0093	0.001	0.0314	0.003	0.7885	0.7649
rs333949	0.0047	-0.003	0.0366	0.003	0.7951	0.7892
rs333950	0.0668	-0.001	0.034	0.003	0.5845	0.6194
rs333951	-0.0345	-0.001	0.0388	0.003	0.7387	0.7463
rs333952	-0.0532	0.008	0.0322	0.003	0.6015	0.5933
rs333957	-0.0415	-0.002	0.04	0.003	0.6637	0.597
rs333958	-0.0336	0	0.0386	0.003	0.6388	0.6959
rs333959	0.0086	-0.002	0.0515	0.004	0.8822	0.90112
rs333960	0.0053	-0.004	0.0336	0.003	0.796	0.8004
rs333961	0.0553	-0.003	0.0375	0.003	0.6355	0.6194
rs333962	0.0064	-0.003	0.0267	0.003	0.7188	0.7575
rs333963	0.0074	-0.002	0.0271	0.003	0.7205	0.7575
rs333965	0.0075	-0.003	0.0272	0.003	0.7187	0.7575
rs333966	0.0074	-0.003	0.0271	0.003	0.7204	0.7575
rs333967	-0.0591	0.006	0.0296	0.003	0.6687	0.6157
rs333968	-0.1371	-0.002	0.0578	0.004	0.852	0.91791
rs333970	0.1219	-0.007	0.0294	0.003	0.4195	0.3825
rs333974	0.0973	-0.005	0.0286	0.002	0.4759	0.4664
rs34030799	-0.0332	0.003	0.1052	0.009	0.9845	0.98507
rs34189081	-0.0084	0.004	0.0368	0.003	0.8474	0.8414
rs34277516	-0.0106	0.006	0.0279	0.002	0.5614	0.5616
rs34311101	-0.014	0	0.0377	0.003	0.8089	0.791
rs34516879	-0.11	0.009	0.0455	0.005	0.9197	0.92537
rs34518145	-7e-04	0.006	0.0493	0.004	0.905	0.90485
rs34519853	-0.0393	0.003	0.0747	0.006	0.9509	0.95149
rs34547999	0.15	-0.017	0.132	0.009	0.9863	0.97761
rs34550071	-0.0165	0	0.0484	0.004	0.9157	0.90299
rs34592756	0.0475	0.008	0.0461	0.004	0.9153	0.91604
rs34662277	-0.071	-0.003	0.0396	0.002	0.6381	0.5672
rs34724153	-0.0165	0.001	0.0289	0.003	0.7677	0.7724
rs34762282	0.1542	-0.011	0.0283	0.002	0.6073	0.5373
rs34807886	-0.0165	0.006	0.0265	0.002	0.5838	0.5821
rs34888985	0.1079	0.016	0.1044	0.009	0.9725	0.96455
rs34931959	0.0421	-0.002	0.0402	0.003	0.6313	0.528
rs35042801	-0.0109	0.001	0.0311	0.003	0.7914	0.8022
rs35111974	-0.0441	0.004	0.0383	0.003	0.8685	0.847
rs35183002	-0.0167	0.005	0.0259	0.002	0.5536	0.528
rs35223185	-0.0108	0.001	0.0309	0.003	0.7909	0.8041
rs3525	-0.0227	-0.002	0.0316	0.003	0.8201	0.8302
rs35283204	0.0023	-0.011	0.0687	0.006	0.9578	0.95709
rs35417027	-0.0454	0.004	0.0385	0.003	0.8698	0.8489
rs35501820	-0.0408	0.003	0.0811	0.006	0.9492	0.95149
rs35513350	-0.0291	-0.005	0.0522	0.005	0.9242	0.9291
rs35579799	0.5116	-0.005	0.2616	0.012	0.9943	0.98881
rs35608606	-0.0144	-0.006	0.0264	0.003	0.6244	0.6567
rs35620392	-0.0604	0	0.0609	0.005	0.9469	0.94403
rs35677255	-0.0175	0.002	0.0303	0.003	0.6009	0.5821
rs35817611	-0.006	0.002	0.0304	0.003	0.6701	0.6642
rs35836705	-0.0237	0.003	0.0332	0.003	0.8335	0.8134
rs35869407	-0.0229	0.002	0.0335	0.003	0.8361	0.8153
rs35959539	0.0153	0.006	0.0491	0.004	0.8841	0.834
rs36025747	-0.1346	0.003	0.0445	0.004	0.8817	0.8675
rs36107407	-0.0207	-0.005	0.0534	0.005	0.9237	0.91604
rs36209416	-0.0068	0.011	0.1343	0.008	0.9733	0.96082
rs36211085	0.0483	0.009	0.0968	0.008	0.9794	0.97761
rs366735	0.003	-0.004	0.0438	0.003	0.5959	0.6362
rs369741	0.0872	0.015	0.1031	0.009	0.9727	0.96642
rs3737182	-0.0136	-0.003	0.0313	0.003	0.8138	0.8246
rs3738748	-0.0143	0.005	0.0249	0.002	0.5442	0.5205
rs3738749	-0.0152	0.005	0.025	0.002	0.546	0.5205
rs3738750	-0.0877	-0.004	0.0392	0.003	0.8404	0.8078
rs3738752	-0.0908	-0.004	0.0397	0.003	0.8378	0.8078
rs3738753	-0.0244	0.004	0.0333	0.003	0.6911	0.7108
rs3738759	-0.0051	0.004	0.0533	0.005	0.926	0.94776
rs3738765	-0.1086	0.011	0.083	0.008	0.9684	0.95896
rs3738766	-0.1041	0.01	0.0814	0.008	0.9677	0.95709
rs3738771	-0.0467	-0.001	0.0302	0.003	0.6752	0.6959
rs3738772	-0.0536	-0.009	0.0276	0.003	0.7111	0.7108
rs3738773	-0.0536	-0.009	0.0276	0.003	0.7111	0.7108
rs3738774	0.0349	0	0.0306	0.003	0.7853	0.7873
rs3754430	-0.0298	0.002	0.0409	0.004	0.8899	0.8731
rs3754439	0.1343	-0.009	0.0261	0.003	0.6052	0.5821
rs3754440	0.1332	-0.009	0.0259	0.003	0.6079	0.5877
rs3754441	-0.0744	-0.001	0.0316	0.003	0.7845	0.7575
rs3754442	0.1363	-0.009	0.0258	0.003	0.6085	0.5951
rs3754443	0.1256	-0.008	0.0249	0.003	0.6065	0.6007
rs3754444	-0.0966	0.003	0.0372	0.003	0.8355	0.8284
rs3754446	-0.0058	0.002	0.0297	0.003	0.6726	0.6623
rs3754450	8e-04	0.003	0.0245	0.003	0.5558	0.5989
rs3768458	0.0133	-0.006	0.0275	0.002	0.5313	0.5522
rs3768460	0.0053	-0.006	0.0272	0.002	0.499	0.5205
rs3768469	0.1325	-0.009	0.026	0.003	0.6028	0.5746
rs3768470	0.1325	-0.009	0.0257	0.003	0.6084	0.5877
rs3768471	-0.1209	0.011	0.0609	0.005	0.9003	0.93284
rs3768480	0.1634	-0.012	0.0286	0.003	0.6026	0.5299
rs3768485	-0.1216	0.008	0.0794	0.008	0.9674	0.95522
rs3768486	-0.0195	-0.002	0.0314	0.003	0.8179	0.8284
rs3768487	-0.0017	0.003	0.0282	0.003	0.6737	0.6511
rs3768490	-7e-04	0.003	0.0283	0.003	0.6739	0.6511
rs3795828	-0.0954	-0.002	0.0445	0.003	0.7197	0.6679
rs3806451	-0.0253	0.005	0.0334	0.003	0.8432	0.8284
rs3806455	0.0036	0.004	0.0401	0.003	0.8117	0.806
rs3814309	0.0073	0.002	0.0288	0.003	0.7084	0.6866
rs3814310	-0.0272	-0.001	0.0299	0.003	0.7841	0.7892
rs3818562	0.0286	0	0.0268	0.003	0.5529	0.5224
rs3819350	-0.0066	0.003	0.0279	0.003	0.6317	0.6493
rs3820661	-0.1049	-0.007	0.0398	0.003	0.7732	0.7388
rs3820662	-0.1049	-0.007	0.0398	0.003	0.7732	0.7388
rs3820664	-0.0678	-0.001	0.0302	0.003	0.7905	0.7593
rs3820666	-3e-04	-0.003	0.0374	0.003	0.6807	0.6213
rs3843830	-0.1049	-0.007	0.0397	0.003	0.7727	0.7388
rs3843831	-0.1049	-0.007	0.0397	0.003	0.7728	0.7388
rs3849177	0.0579	0.002	0.0253	0.002	0.5379	0.5504
rs3849178	-0.1044	-0.006	0.0397	0.003	0.771	0.7369
rs3849179	-0.1049	-0.007	0.0397	0.003	0.773	0.7388
rs3849180	-0.1058	-0.007	0.0404	0.003	0.7775	0.7388
rs3849181	-0.1049	-0.007	0.0397	0.003	0.773	0.7388
rs3849182	-0.022	0.003	0.0333	0.003	0.6887	0.709
rs3849184	-0.1008	-0.007	0.0387	0.003	0.7598	0.7239
rs3849185	-0.1018	-0.007	0.0391	0.003	0.7627	0.7239
rs3849186	-0.1092	-0.007	0.0407	0.003	0.7822	0.7388
rs3849187	-0.1079	-0.013	0.157	0.007	0.9802	0.96269
rs3849188	-0.0088	0.004	0.0319	0.003	0.718	0.722
rs3850616	0.0188	0.007	0.0348	0.003	0.8452	0.8619
rs3860215	-0.0078	0.004	0.0319	0.003	0.7205	0.722
rs3887891	-0.0085	0	0.03	0.003	0.7854	0.791
rs3893159	-0.0157	0.005	0.0253	0.002	0.5444	0.5205
rs3895838	-0.0539	0	0.0426	0.005	0.9074	0.90858
rs3904620	-0.1092	-0.007	0.0406	0.003	0.7731	0.7425
rs3904621	-0.1008	-0.007	0.0387	0.003	0.7599	0.7239
rs3904622	0.0682	-0.001	0.0293	0.003	0.6783	0.7332
rs3904623	-0.1053	-0.007	0.04	0.003	0.7744	0.7388
rs3904624	-0.0232	0.003	0.0334	0.003	0.6964	0.7108
rs3904625	0.0569	0.002	0.0252	0.002	0.5349	0.5504
rs3904626	-0.105	-0.007	0.0396	0.003	0.7715	0.7388
rs3908803	-0.1054	-0.007	0.0397	0.003	0.7726	0.7388
rs390923	-0.1201	0.01	0.0246	0.003	0.5935	0.5765
rs3916176	-0.0219	0.003	0.0329	0.003	0.6879	0.7108
rs4084434	0.0528	-0.005	0.0287	0.003	0.6688	0.7164
rs4111793	-0.0242	-0.012	0.0794	0.009	0.9756	0.98134
rs4112315	-0.0122	0.004	0.0337	0.003	0.7331	0.7295
rs4119680	-0.0242	-0.012	0.0794	0.009	0.9756	0.98134
rs41279732	-0.0277	-0.013	0.0508	0.005	0.9386	0.9403
rs41279736	0.0294	0.013	0.0643	0.012	0.9629	0.97761
rs41279738	-0.0945	-0.002	0.0731	0.007	0.972	0.97575
rs41280328	-0.1097	0.001	0.0741	0.007	0.9723	0.97575
rs41280342	-0.1955	0.023	0.151	0.011	0.9782	0.97388
rs41281344	0.0379	-0.001	0.091	0.009	0.9823	0.98134
rs41281346	-0.044	0.022	0.1774	0.015	0.9883	0.98881
rs41281350	-0.1743	0.016	0.1422	0.008	0.9769	0.97761
rs41281352	-0.1377	0.008	0.0844	0.006	0.9508	0.95149
rs41281354	-0.2291	-0.024	0.2834	0.015	0.996	0.98134
rs41281360	-0.2108	-0.028	0.2816	0.015	0.9968	0.98134
rs41281362	-0.3493	0.002	0.1386	0.008	0.9752	0.97015
rs41283500	0.0771	0.006	0.099	0.008	0.9783	0.97201
rs41299561	-3e-04	-0.006	0.1473	0.012	0.9911	0.98881
rs41301283	-0.0396	-0.014	0.0559	0.005	0.9449	0.94403
rs41301297	0.0043	0.006	0.0849	0.008	0.9745	0.96828
rs41302821	0.0538	0.015	0.1483	0.013	0.9883	0.98507
rs413034	-0.0512	0	0.0381	0.003	0.6157	0.5728
rs41313284	0.1288	-0.005	0.1108	0.01	0.9786	0.98881
rs41313290	0.086	0.014	0.1189	0.01	0.983	0.97388
rs41347851	-0.0315	-0.002	0.0736	0.009	0.9178	0.98321
rs41397944	-0.0352	0.003	0.0799	0.008	0.9279	0.98507
rs4142052	-0.0469	0.003	0.0381	0.003	0.6512	0.6586
rs41423044	0.0481	-0.004	0.1175	0.005	0.9633	0.90485
rs41457947	-0.0321	-0.003	0.0737	0.008	0.9175	0.98321
rs4246517	-0.0351	-0.01	0.0266	0.003	0.7032	0.6847
rs4265455	-0.0431	-0.007	0.03	0.003	0.7542	0.7537
rs426597	-0.0535	0.001	0.036	0.003	0.6331	0.6119
rs4274060	-0.0107	0.006	0.0278	0.002	0.5663	0.5616
rs433192	-0.0532	0.002	0.0366	0.003	0.64	0.6119
rs4370783	-0.0407	-0.009	0.0392	0.004	0.882	0.8825
rs443194	0.0252	-0.004	0.0424	0.003	0.6555	0.6866
rs4454547	0.0602	0.001	0.0834	0.005	0.9493	0.91978
rs4498805	0.0052	-0.006	0.0273	0.002	0.4998	0.5205
rs4501839	0.0526	-0.005	0.0285	0.003	0.6613	0.7127
rs453577	0.028	-0.004	0.0421	0.003	0.6538	0.6866
rs4540683	-0.0043	0	0.0258	0.003	0.5605	0.5672
rs45448998	-4e-04	0.002	0.0527	0.006	0.9455	0.92351
rs45612540	-0.0065	-0.001	0.0468	0.004	0.9124	0.8993
rs4564141	-0.0951	-0.002	0.0434	0.003	0.7156	0.6679
rs4568835	-0.1059	-0.006	0.0402	0.003	0.7765	0.7388
rs4571992	-0.001	0	0.0304	0.003	0.7716	0.7873
rs4615867	-0.0122	0.004	0.038	0.002	0.5155	0.4216
rs4626884	0.03	0.001	0.0964	0.005	0.9571	0.91791
rs472737	0.0033	-0.001	0.0304	0.003	0.7675	0.7854
rs473411	0.0801	-0.001	0.0308	0.003	0.7281	0.7743
rs473682	0.0156	-0.001	0.0278	0.003	0.5257	0.5522
rs474234	0.0289	0.006	0.0247	0.002	0.4741	0.4608
rs475381	-0.0013	0	0.0303	0.003	0.7713	0.7873
rs475442	0.0314	-0.004	0.0433	0.003	0.6853	0.7127
rs475858	0.0277	0.005	0.0385	0.004	0.8706	0.8675
rs476641	-0.0224	-0.007	0.0285	0.003	0.6783	0.6623
rs478761	-0.0244	0.003	0.035	0.003	0.6722	0.7071
rs479437	0.0329	-0.003	0.0465	0.003	0.7221	0.7276
rs480419	-0.0133	0.004	0.0239	0.002	0.4687	0.4198
rs481269	-0.0132	0.004	0.0239	0.002	0.4685	0.4198
rs481326	-0.0118	0.005	0.0256	0.003	0.6913	0.6287
rs481420	0.1362	-0.009	0.0271	0.003	0.6362	0.597
rs483096	-0.0613	0.001	0.0702	0.005	0.9041	0.91418
rs4838890	0.1336	-0.009	0.0263	0.003	0.6047	0.5746
rs4838973	0.0636	-0.001	0.0278	0.002	0.547	0.5522
rs4838974	0.0641	-0.001	0.0279	0.002	0.5512	0.5578
rs4838977	-0.1062	-0.007	0.0404	0.003	0.7789	0.7388
rs4838980	-0.1092	-0.007	0.0408	0.003	0.7829	0.7425
rs4838981	-0.1087	-0.007	0.0407	0.003	0.7822	0.7388
rs4838992	-0.0017	0.004	0.0344	0.003	0.8204	0.8396
rs4838996	-0.0203	-0.001	0.0573	0.006	0.9447	0.9403
rs4838999	-0.0111	0.006	0.0275	0.002	0.5652	0.5616
rs4839011	-0.0143	0.005	0.0244	0.002	0.5553	0.5336
rs4839015	0.073	-0.004	0.032	0.003	0.7097	0.7668
rs4839016	-0.0168	0.004	0.0319	0.003	0.7413	0.7295
rs4839103	0.1369	-0.009	0.0269	0.003	0.6071	0.5746
rs4839135	-0.0433	0.005	0.0627	0.005	0.9313	0.9403
rs4839136	-0.0496	0.003	0.0462	0.004	0.881	0.8806
rs4839137	-0.0434	0.005	0.0628	0.005	0.9311	0.9403
rs4839278	0.0637	-0.001	0.0278	0.002	0.5472	0.5522
rs4839279	0.0607	-0.001	0.0271	0.002	0.5365	0.556
rs4839281	-0.1092	-0.006	0.0409	0.003	0.7745	0.7388
rs4839282	0.0593	0.001	0.0256	0.002	0.5413	0.5541
rs4839283	0.0582	0.001	0.0255	0.002	0.5376	0.5541
rs4839285	-0.105	-0.007	0.0396	0.003	0.7709	0.7388
rs4839286	-0.105	-0.007	0.0395	0.003	0.771	0.7388
rs4839287	0.0543	0.002	0.0245	0.003	0.5513	0.569
rs4839303	-0.1118	-0.007	0.0412	0.003	0.7751	0.7407
rs4839304	-0.1092	-0.007	0.0407	0.003	0.7745	0.7425
rs4839325	0.0096	0.001	0.0283	0.003	0.7668	0.7332
rs4839326	-0.0012	0.004	0.0347	0.003	0.8221	0.8414
rs4839342	-0.0171	0.006	0.0272	0.002	0.5737	0.569
rs4839343	0.0054	0.006	0.0272	0.002	0.499	0.4795
rs4839383	-0.0219	0.002	0.0335	0.003	0.8334	0.8153
rs4839387	-0.0636	-0.003	0.0333	0.003	0.7284	0.6959
rs4839568	-0.0801	0.01	0.0254	0.003	0.611	0.6679
rs484673	0.0367	-0.003	0.0471	0.003	0.7364	0.7369
rs484959	0.0139	-0.004	0.0238	0.002	0.5285	0.5821
rs485215	-0.0089	0.006	0.0256	0.003	0.6876	0.6287
rs485334	0.0291	0.007	0.0381	0.004	0.8686	0.8601
rs485660	-0.0242	-0.007	0.0283	0.003	0.7562	0.7388
rs485742	-0.0083	0.006	0.0257	0.003	0.6856	0.6287
rs487079	-0.0615	0.002	0.07	0.005	0.9053	0.91418
rs488028	-0.0619	0.001	0.0697	0.005	0.9036	0.91418
rs488639	0.0663	-0.002	0.0321	0.003	0.679	0.6754
rs488815	-0.0115	0.005	0.0256	0.003	0.6904	0.6287
rs489220	0.0326	-0.003	0.0463	0.003	0.7233	0.7276
rs491285	-0.034	-0.01	0.0265	0.003	0.7018	0.6847
rs491310	-5e-04	-0.002	0.1066	0.01	0.9617	0.98507
rs491968	0.0326	-0.003	0.0463	0.003	0.7233	0.7276
rs492557	-0.0183	-0.006	0.0288	0.003	0.6518	0.6828
rs493039	-0.0461	0.005	0.0558	0.005	0.9208	0.94216
rs493640	0.1669	-0.002	0.0364	0.002	0.4794	0.4347
rs493972	-0.0045	-0.01	0.0259	0.003	0.6661	0.6343
rs495562	-4e-04	0.002	0.0272	0.003	0.718	0.7407
rs4970421	-0.1277	0.005	0.0757	0.008	0.9287	0.96455
rs4970736	-0.0035	0	0.0256	0.003	0.5615	0.5672
rs4970737	0.0083	0.001	0.0293	0.003	0.735	0.7276
rs4970762	0.0154	0.01	0.0245	0.002	0.4723	0.4944
rs4970763	-0.0337	-0.01	0.0266	0.003	0.703	0.6791
rs4970764	0.0114	0.008	0.0244	0.003	0.517	0.5336
rs4970765	-0.0347	-0.01	0.0266	0.003	0.7031	0.6847
rs4970766	-0.0346	-0.01	0.0264	0.003	0.7004	0.6847
rs4970767	-0.0363	-0.01	0.0265	0.003	0.7026	0.6847
rs4970768	0.0322	0.003	0.0262	0.003	0.5154	0.5466
rs4970772	-0.0059	0.002	0.0301	0.003	0.6713	0.666
rs4970773	0.0077	0.001	0.0294	0.003	0.7347	0.7351
rs4970774	0.0096	0	0.0276	0.003	0.438	0.4664
rs4970775	2e-04	0	0.0263	0.003	0.5594	0.5709
rs4970776	-0.0014	-0.001	0.027	0.003	0.3716	0.3862
rs4970777	0.0019	-0.001	0.0255	0.003	0.5551	0.5616
rs4970778	-0.0135	0.003	0.0307	0.003	0.6615	0.6567
rs4970779	0.0183	0	0.0263	0.003	0.6877	0.6549
rs4970782	-0.0166	0.003	0.0456	0.003	0.8237	0.7873
rs4970784	-0.0265	0.004	0.0407	0.003	0.4409	0.4086
rs4970787	-0.1005	0.006	0.0759	0.007	0.9379	0.93843
rs497451	0.0643	0.002	0.0301	0.003	0.3829	0.444
rs497588	0.0314	-0.004	0.0432	0.003	0.6851	0.7127
rs497624	-0.0242	0.004	0.033	0.003	0.6646	0.6922
rs497773	0.0316	-0.004	0.0431	0.003	0.6855	0.7127
rs499345	-0.0186	0.001	0.0306	0.003	0.7038	0.7052
rs500117	-0.0145	0.005	0.0246	0.002	0.4826	0.4216
rs501163	-0.0369	-0.003	0.0348	0.003	0.8115	0.8228
rs501943	-0.0925	0.01	0.0288	0.003	0.6127	0.6586
rs503558	-0.0348	-0.007	0.0267	0.003	0.6328	0.6101
rs504797	0.0802	-0.001	0.0308	0.003	0.728	0.7743
rs505303	-0.0033	0.001	0.0269	0.003	0.6653	0.6642
rs506008	0.0463	0.003	0.0388	0.004	0.7967	0.8041
rs506071	0.0317	-0.004	0.0432	0.003	0.6851	0.7127
rs506912	-0.0157	-0.008	0.0268	0.003	0.6853	0.6437
rs507932	0.0317	-0.004	0.0429	0.003	0.6856	0.7127
rs510619	0.0286	0.005	0.0385	0.004	0.8706	0.8675
rs510939	-0.0133	-0.008	0.0261	0.003	0.6827	0.6437
rs511566	-0.0385	-0.007	0.0341	0.003	0.8254	0.7873
rs512079	0.0123	0.006	0.0343	0.003	0.5603	0.4366
rs514092	-0.0079	-0.007	0.025	0.003	0.6132	0.597
rs516764	-0.014	-0.008	0.0261	0.003	0.6845	0.6474
rs517053	0.0248	-0.004	0.032	0.003	0.4816	0.5056
rs518003	0.0279	-0.003	0.0482	0.003	0.7089	0.7351
rs518076	0.0203	0.009	0.045	0.004	0.9199	0.92537
rs518650	-0.0187	0.004	0.0272	0.003	0.4971	0.4664
rs518697	-0.0362	-0.01	0.0265	0.003	0.7025	0.6847
rs520263	0.0142	-0.004	0.0239	0.003	0.5356	0.5877
rs523300	-0.0013	0	0.0303	0.003	0.7713	0.7873
rs523786	-0.0129	-0.009	0.0259	0.003	0.6827	0.6474
rs524663	-0.0373	-0.005	0.0447	0.004	0.8737	0.8321
rs524998	-0.013	-0.009	0.0261	0.003	0.6835	0.6455
rs525362	-0.0154	-0.007	0.025	0.003	0.6196	0.5634
rs525566	0.0288	-0.004	0.0435	0.003	0.6839	0.7127
rs525976	0.0551	0	0.0274	0.002	0.514	0.5616
rs526575	-0.0161	0.005	0.0244	0.002	0.4802	0.4291
rs527277	-0.0552	-0.009	0.028	0.003	0.7198	0.7239
rs528077	0.0294	0.006	0.0247	0.002	0.4748	0.459
rs528199	-0.024	-0.007	0.0257	0.003	0.5111	0.5224
rs528815	-0.0012	0	0.0303	0.003	0.7713	0.7873
rs529091	-0.0363	-0.01	0.0265	0.003	0.7026	0.6847
rs529233	0.0289	-0.004	0.0435	0.003	0.6839	0.7127
rs529773	0.0295	0.006	0.0247	0.002	0.4748	0.459
rs530021	-0.007	0.005	0.0477	0.005	0.9119	0.91791
rs530565	0.0044	0	0.0925	0.01	0.982	0.96642
rs531157	0.0289	-0.004	0.0435	0.003	0.6839	0.7127
rs532058	0.0289	-0.004	0.0435	0.003	0.6839	0.7127
rs532121	0.083	-0.001	0.0311	0.003	0.72	0.7631
rs532432	-0.0012	0	0.0303	0.003	0.7714	0.7873
rs532623	-0.001	0	0.0304	0.003	0.7717	0.7873
rs533847	0.1487	-0.008	0.029	0.003	0.6157	0.6063
rs534135	0.029	0.006	0.0247	0.002	0.4746	0.459
rs534276	0.0046	-0.005	0.0382	0.003	0.5737	0.5914
rs535528	0.2065	-0.002	0.0405	0.002	0.5337	0.4925
rs535537	0.0433	0.008	0.0398	0.004	0.8818	0.8843
rs535558	0.207	-0.002	0.0404	0.002	0.5346	0.4944
rs536122	0.0246	-0.004	0.0426	0.003	0.6864	0.7108
rs536795	-0.0858	0.01	0.0286	0.003	0.6139	0.6679
rs538388	0.0139	0.007	0.0335	0.003	0.8461	0.8563
rs538463	-0.0136	0.004	0.0239	0.002	0.4688	0.4198
rs538654	0.0292	0.006	0.0247	0.002	0.4744	0.4608
rs541172	0.0687	-0.002	0.0293	0.003	0.6804	0.7332
rs541320	-0.0341	-0.007	0.0355	0.003	0.8367	0.7966
rs541944	0.0553	0	0.0275	0.002	0.5128	0.5616
rs542338	-0.015	-0.007	0.025	0.003	0.6199	0.5653
rs542370	-0.016	-0.007	0.0258	0.003	0.6154	0.5616
rs542945	0.0289	-0.004	0.0435	0.003	0.6839	0.7127
rs543021	0.0292	0.006	0.0247	0.002	0.4744	0.459
rs543046	0.0292	0.006	0.0247	0.002	0.4746	0.459
rs543637	0.0354	-0.003	0.0462	0.003	0.7253	0.7276
rs544652	0.0325	-0.003	0.0464	0.003	0.7233	0.7276
rs545233	-0.0116	0.005	0.0256	0.003	0.6904	0.6287
rs546023	-0.0152	-0.008	0.0266	0.003	0.6823	0.6418
rs547251	0.0314	-0.004	0.0433	0.003	0.6852	0.7127
rs547370	-0.0577	0.001	0.0265	0.002	0.5294	0.5299
rs551566	-0.0382	-0.007	0.0356	0.003	0.83	0.7854
rs552101	0.0124	0.009	0.0436	0.004	0.9151	0.92164
rs552484	-0.0225	0.004	0.0352	0.003	0.6788	0.7183
rs552505	-0.0236	0.003	0.0369	0.003	0.678	0.7052
rs553689	0.0289	0.006	0.0248	0.002	0.4752	0.459
rs554056	0.0289	-0.004	0.0435	0.003	0.6839	0.7127
rs554411	0.0551	0	0.0274	0.002	0.5147	0.5634
rs555095	-0.0439	0.002	0.0367	0.004	0.8735	0.8806
rs555223	0.0551	0	0.0274	0.002	0.514	0.5616
rs555977	-0.0473	0.005	0.0567	0.005	0.9195	0.94216
rs55637863	-0.299	0.003	0.1173	0.006	0.9693	0.95709
rs55646629	-0.0335	0.006	0.0548	0.006	0.9349	0.91978
rs55651813	-0.0266	0.004	0.0395	0.003	0.6779	0.7034
rs557127	0.0551	0	0.0274	0.003	0.5137	0.5616
rs55739424	0.0295	0	0.1206	0.009	0.9857	0.97948
rs55773147	0.0325	0.009	0.0471	0.004	0.9227	0.92537
rs55781203	0.023	-0.004	0.0411	0.003	0.6695	0.6866
rs55785704	-0.0643	-0.001	0.0756	0.009	0.97	0.97388
rs55808734	-0.0174	0.005	0.0255	0.002	0.549	0.5224
rs558370	0.0286	0.006	0.0247	0.002	0.4747	0.4608
rs55852408	-0.0477	0.01	0.081	0.006	0.9731	0.97015
rs55864443	-0.0107	0.006	0.0277	0.002	0.5662	0.5616
rs55865504	-0.13	0.004	0.0452	0.005	0.8641	0.847
rs55866951	-0.0075	0.004	0.03	0.003	0.722	0.7201
rs559479	-0.0058	0.002	0.0283	0.003	0.7188	0.7388
rs55970404	-0.0494	-0.014	0.052	0.005	0.9432	0.9459
rs55976937	-0.0055	0.01	0.1427	0.009	0.9839	0.97201
rs560018	-0.019	-0.008	0.0288	0.003	0.6906	0.6418
rs56003359	0.0056	0.004	0.0398	0.003	0.8064	0.791
rs56017482	-0.0297	0.004	0.039	0.003	0.6917	0.694
rs56018934	-0.0166	0.007	0.0572	0.005	0.9476	0.9459
rs56034249	-0.0476	-0.013	0.0524	0.005	0.9441	0.9459
rs560674	0.0126	0.007	0.0336	0.003	0.8463	0.8582
rs56079255	-0.0485	-0.009	0.0683	0.006	0.9537	0.94963
rs56089415	0.0111	0.003	0.0607	0.005	0.9213	0.95149
rs56116536	0.0144	0.007	0.0866	0.008	0.9746	0.96828
rs56124226	0.0741	-0.008	0.0246	0.003	0.5595	0.5765
rs56131093	0.0098	-0.002	0.0254	0.003	0.5431	0.5299
rs56145123	-0.0372	0.003	0.0513	0.004	0.9055	0.8862
rs56158716	-0.0107	0.006	0.0277	0.002	0.5662	0.5616
rs561741	-0.001	0	0.0304	0.003	0.7717	0.7873
rs562044	0.0314	-0.004	0.0433	0.003	0.6853	0.7127
rs56213915	0.0231	-0.004	0.0408	0.003	0.6709	0.6866
rs56222520	-0.1208	-0.011	0.1395	0.011	0.983	0.97388
rs56225383	0.0649	-0.001	0.0282	0.002	0.5491	0.5504
rs562277	0.0314	-0.004	0.0433	0.003	0.6853	0.7127
rs562302	0.1866	-0.003	0.0368	0.002	0.5288	0.4981
rs56246993	0.0295	0	0.1206	0.009	0.9857	0.97948
rs56250518	-0.0514	0.004	0.0473	0.003	0.801	0.7985
rs56254900	0.0259	-0.004	0.0405	0.003	0.6691	0.6866
rs56256551	-0.0074	0.004	0.0299	0.003	0.7229	0.7201
rs56271026	0.0785	-0.008	0.0249	0.003	0.5648	0.5802
rs562996	0.0418	0.007	0.0413	0.004	0.8606	0.8563
rs56300112	0.0235	-0.004	0.0408	0.003	0.6709	0.6866
rs563003	0.0457	0.007	0.041	0.004	0.881	0.8825
rs56307330	-0.0463	0	0.0302	0.003	0.6704	0.6922
rs563256	0.208	-0.002	0.0438	0.002	0.5468	0.4608
rs56367504	0.0325	0.009	0.0471	0.004	0.9227	0.92537
rs56380049	0.0427	0.001	0.0492	0.005	0.9305	0.90858
rs56390983	0.0647	-0.004	0.0294	0.003	0.6993	0.7593
rs566394	-0.0281	-0.004	0.0446	0.004	0.8594	0.8246
rs566689	-0.0126	0.003	0.0321	0.003	0.6564	0.6269
rs56778419	-0.0515	-0.001	0.0687	0.005	0.9479	0.9459
rs568686	0.0138	0.007	0.0334	0.003	0.846	0.8563
rs56936940	-0.0226	0.003	0.0334	0.003	0.6976	0.7108
rs569483	0.057	0	0.0275	0.002	0.5068	0.5485
rs569544	0.0363	-0.004	0.0452	0.003	0.6836	0.6959
rs569670	-0.0234	-0.007	0.0283	0.003	0.7562	0.7369
rs569998	-0.0154	-0.007	0.025	0.003	0.6194	0.5616
rs57012788	-0.0524	0.002	0.0372	0.003	0.5708	0.6306
rs570349	0.0433	0.007	0.0399	0.004	0.8821	0.875
rs57046167	-0.0932	0.001	0.0717	0.007	0.9139	0.97015
rs57128261	-0.0494	-0.014	0.052	0.005	0.9432	0.9459
rs571476	0.0594	-0.003	0.0281	0.003	0.6945	0.722
rs57213976	-0.1051	-0.007	0.0396	0.003	0.7709	0.7388
rs572207	0.0567	0	0.0275	0.002	0.5064	0.5485
rs57304208	0.0849	-0.008	0.0256	0.003	0.5746	0.5914
rs573065	-0.0156	0.004	0.0242	0.002	0.4797	0.4254
rs573491	-0.0386	-0.009	0.0263	0.003	0.6954	0.6754
rs574193	-0.0569	0	0.0276	0.002	0.4932	0.4534
rs574344	-0.0057	0.004	0.0491	0.005	0.9215	0.91978
rs57487258	-0.0408	-0.007	0.0297	0.003	0.7545	0.7519
rs575113	-0.059	-0.009	0.0274	0.003	0.7028	0.7052
rs57685069	-0.0338	0.001	0.08	0.008	0.9283	0.98694
rs57686250	-0.1015	-0.004	0.0396	0.003	0.8445	0.8265
rs577540	-0.0586	0.001	0.0264	0.002	0.5367	0.5448
rs577953	-0.0405	-0.008	0.0337	0.003	0.8237	0.7873
rs579035	0.0018	0.002	0.0243	0.003	0.5036	0.4534
rs579652	-0.045	-0.008	0.0273	0.003	0.7015	0.6959
rs57979650	-0.0242	0.001	0.0549	0.006	0.944	0.9403
rs58010879	-0.0463	0	0.0302	0.003	0.6704	0.6922
rs58013442	-0.0318	-0.01	0.085	0.008	0.9708	0.98134
rs580522	-0.0466	-0.009	0.0273	0.003	0.7034	0.6978
rs58126698	0.0474	0.008	0.0381	0.004	0.8795	0.8843
rs58155611	-0.105	-0.007	0.0396	0.003	0.7709	0.7388
rs58175111	-0.0339	0.001	0.0792	0.008	0.9361	0.98694
rs58271928	-0.016	0.004	0.0504	0.005	0.9175	0.93657
rs58295649	-0.0559	0.004	0.0694	0.01	0.958	0.96828
rs58366915	-0.0348	0.001	0.08	0.008	0.9286	0.98694
rs583821	0.0566	-0.001	0.0275	0.003	0.5172	0.5672
rs58654474	-0.0899	-0.004	0.0406	0.003	0.8174	0.8041
rs587045	-0.0584	0.001	0.0263	0.002	0.5348	0.5429
rs58720505	0.0052	0.008	0.0815	0.007	0.9674	0.95896
rs58877308	-0.0317	-0.01	0.085	0.008	0.9708	0.98134
rs589127	-0.0865	-0.005	0.0368	0.003	0.7645	0.7239
rs58929946	-0.1019	-0.004	0.0396	0.003	0.8437	0.8265
rs58953213	-0.0355	0.003	0.0799	0.008	0.9278	0.98507
rs58998653	-0.045	-0.007	0.0302	0.003	0.7615	0.7556
rs59149801	-0.0087	0.004	0.0367	0.003	0.8458	0.8414
rs592586	-0.0155	-0.007	0.025	0.003	0.5895	0.5504
rs59259257	-0.113	-0.003	0.0441	0.003	0.7937	0.7873
rs59276421	-0.0048	0.005	0.0353	0.003	0.7794	0.7164
rs592792	-0.0448	-0.004	0.0456	0.004	0.8758	0.834
rs59472180	-0.0805	0	0.034	0.003	0.7846	0.7631
rs59504302	-0.0327	-0.003	0.0737	0.008	0.9175	0.98321
rs59688746	0.0205	0.002	0.0628	0.006	0.9294	0.95709
rs59690940	-0.0088	0	0.0759	0.008	0.9334	0.98694
rs597175	-0.023	0.004	0.0331	0.003	0.6655	0.6903
rs597370	-0.0378	-0.005	0.0447	0.004	0.8738	0.8321
rs59742138	-0.0527	0.003	0.0404	0.003	0.6695	0.6604
rs59808285	0.0189	0.003	0.0615	0.005	0.9252	0.95522
rs598158	0.1457	-0.008	0.0289	0.003	0.612	0.5989
rs599363	0.0152	0.005	0.0474	0.005	0.8962	0.90672
rs60075240	0.073	-0.003	0.0955	0.005	0.9549	0.90299
rs60128680	-0.0246	0.003	0.0333	0.003	0.6918	0.7108
rs604337	0.0163	0.007	0.0343	0.003	0.8501	0.8619
rs60440932	-0.0354	0.002	0.0328	0.003	0.8402	0.8507
rs60501948	-0.0639	0.001	0.0568	0.006	0.936	0.93284
rs60514875	-0.2652	-0.02	0.1864	0.014	0.9878	0.97948
rs60589231	-0.0294	0.004	0.034	0.003	0.8493	0.8619
rs60775830	-0.0659	0	0.0777	0.009	0.9699	0.97388
rs60829044	-0.0323	-0.003	0.0737	0.008	0.9176	0.98321
rs609690	-0.0205	0.004	0.0334	0.003	0.6586	0.6903
rs610010	-0.0231	0.004	0.0331	0.003	0.6654	0.6903
rs61030133	-0.0859	0.01	0.0304	0.003	0.6434	0.6828
rs61055621	-0.026	-0.011	0.1243	0.006	0.9737	0.94403
rs611587	0.0136	-0.003	0.0336	0.003	0.5283	0.556
rs611774	-0.0459	0.002	0.0389	0.004	0.867	0.8806
rs614255	0.0585	-0.003	0.0279	0.003	0.6936	0.722
rs61430985	-0.0631	0.001	0.0779	0.009	0.9644	0.97388
rs61435880	-0.0316	0.003	0.0366	0.003	0.7036	0.7239
rs615204	0.0211	0.001	0.0402	0.003	0.606	0.5466
rs615640	0.0548	0	0.0273	0.002	0.5139	0.5616
rs61628662	-0.0031	-0.001	0.0307	0.003	0.6415	0.6194
rs61679465	-0.0323	-0.003	0.0737	0.008	0.9176	0.98321
rs61681146	4e-04	-0.003	0.0352	0.003	0.8513	0.8731
rs617126	0.1965	-0.002	0.0395	0.002	0.5262	0.4795
rs617293	0.0326	-0.004	0.0416	0.003	0.6697	0.625
rs61744262	-0.0348	-0.004	0.0726	0.005	0.9464	0.94216
rs617477	0.1965	-0.002	0.0395	0.002	0.5261	0.4795
rs617579	-0.0515	0.002	0.0425	0.004	0.8628	0.8825
rs61783659	-0.2119	0.008	0.0902	0.006	0.9621	0.95336
rs61784513	-0.0299	0.003	0.0365	0.003	0.706	0.722
rs61784536	-0.0246	0.004	0.0333	0.003	0.6915	0.7108
rs61784538	-0.1073	-0.013	0.1592	0.007	0.9806	0.96455
rs61784556	0.0569	-0.004	0.1132	0.005	0.9658	0.90858
rs61784557	-0.011	0.004	0.0309	0.003	0.7209	0.7201
rs61784861	-0.0111	0.005	0.0288	0.003	0.5794	0.5149
rs61785479	-0.1378	0.008	0.0325	0.003	0.8187	0.8078
rs61785480	-0.1222	0.009	0.0299	0.003	0.7379	0.7444
rs61785481	-0.1169	0.01	0.0251	0.003	0.6014	0.5784
rs61785483	0.1344	-0.009	0.0252	0.003	0.4258	0.4216
rs61785488	0.2774	-0.005	0.0488	0.003	0.8085	0.7631
rs61785492	-0.1953	0.025	0.1514	0.011	0.9782	0.97388
rs61785513	0.2666	-0.005	0.0485	0.003	0.8163	0.7799
rs61785517	-0.1649	0.007	0.0611	0.004	0.8716	0.8675
rs61787360	0.0535	-0.004	0.1114	0.005	0.9666	0.90858
rs61787370	-0.0112	0.006	0.0279	0.002	0.5687	0.5616
rs61787371	-0.007	0.004	0.0298	0.003	0.7231	0.7201
rs61787373	0.0881	0.001	0.0861	0.005	0.9533	0.91231
rs61787374	0.0879	0.001	0.0861	0.005	0.9533	0.91231
rs61787382	0.0333	0.001	0.1136	0.005	0.9682	0.92164
rs61787386	0.048	0.001	0.0834	0.005	0.9448	0.91604
rs61787395	-0.0638	-0.003	0.0332	0.003	0.728	0.6959
rs61788682	-0.0205	0.007	0.0761	0.004	0.9075	0.8414
rs61797139	0.0361	0.014	0.0446	0.007	0.9197	0.9291
rs61797152	-0.025	-0.008	0.0317	0.003	0.7964	0.8153
rs61797154	-0.0318	-0.008	0.0323	0.003	0.809	0.8134
rs61797155	-0.1287	-0.016	0.103	0.01	0.9826	0.97388
rs61798343	-0.1277	-0.015	0.1036	0.01	0.9826	0.97388
rs61798346	-0.028	-0.008	0.0322	0.003	0.8069	0.8097
rs61798347	-0.0442	-0.007	0.0299	0.003	0.7575	0.7519
rs61798348	-0.1265	-0.017	0.1135	0.01	0.9832	0.97575
rs618191	-0.0168	0	0.0256	0.003	0.5958	0.5877
rs619674	0.0431	0.005	0.0707	0.006	0.9573	0.9403
rs619686	0.0431	0.005	0.0707	0.006	0.9573	0.9403
rs620077	-0.0065	0.002	0.0499	0.005	0.9154	0.91604
rs621514	0.0044	-0.006	0.0399	0.003	0.5925	0.5989
rs625456	-0.0422	-0.004	0.0456	0.004	0.8774	0.8302
rs62623713	-0.0528	-0.012	0.0525	0.005	0.9443	0.9459
rs626971	0.0648	0.002	0.0269	0.003	0.5421	0.5429
rs627067	0.1854	-0.002	0.0374	0.002	0.5309	0.5112
rs627365	-0.0365	-0.004	0.0451	0.004	0.8806	0.834
rs628594	-0.0098	-0.007	0.026	0.003	0.6138	0.6063
rs628734	0.1963	-0.002	0.0394	0.002	0.5258	0.4795
rs629711	0.1961	-0.002	0.0394	0.002	0.5261	0.4813
rs637686	0.0668	0.001	0.0273	0.003	0.5628	0.5784
rs638007	-0.0145	-0.007	0.0259	0.003	0.6195	0.5672
rs638531	0.0728	0	0.0298	0.003	0.6698	0.7183
rs638820	0.011	-0.001	0.0274	0.003	0.5178	0.5373
rs641065	0.0214	0	0.0284	0.003	0.5391	0.556
rs641592	-0.0154	-0.007	0.0258	0.003	0.6144	0.5634
rs642655	0.0036	-0.005	0.0379	0.003	0.5723	0.5914
rs643418	0.1869	-0.003	0.0368	0.002	0.529	0.4981
rs643841	-0.0225	0.004	0.0332	0.003	0.6773	0.7108
rs644759	-0.0446	0.002	0.0372	0.004	0.871	0.8806
rs645177	0.0611	0.002	0.0269	0.003	0.56	0.569
rs645210	0.1989	-0.003	0.0399	0.002	0.5355	0.4963
rs648111	0.0592	-0.003	0.028	0.003	0.6942	0.722
rs650290	0.0803	-0.001	0.0309	0.003	0.7287	0.7743
rs650985	0.041	0.008	0.0587	0.005	0.9545	0.95896
rs652202	0.0585	-0.001	0.0284	0.002	0.5206	0.5634
rs652257	0.0589	-0.001	0.0285	0.002	0.5209	0.5616
rs652295	0.0701	-0.002	0.0294	0.003	0.664	0.7183
rs652702	0.06	-0.001	0.0287	0.002	0.5158	0.5597
rs6537651	0.1462	-0.009	0.028	0.003	0.6307	0.584
rs6537655	0.0681	-0.001	0.03	0.002	0.5538	0.556
rs6537656	0.0802	-0.004	0.0831	0.005	0.9506	0.90672
rs6537657	0.0653	-0.004	0.0297	0.003	0.7191	0.7612
rs6537658	0.0654	-0.004	0.0297	0.003	0.7192	0.7612
rs6537803	-0.0405	-0.007	0.0297	0.003	0.7542	0.7537
rs6537830	-0.0112	-0.003	0.0308	0.003	0.8024	0.819
rs6537837	-0.0192	-0.002	0.0315	0.003	0.8178	0.8284
rs6537871	-0.0438	0	0.0308	0.003	0.6892	0.6884
rs6537872	-0.0435	0	0.0308	0.003	0.6905	0.6922
rs6537873	-0.0479	0	0.0309	0.003	0.6787	0.6922
rs6537875	-0.0417	0	0.0319	0.003	0.5981	0.6194
rs6537876	-0.0159	-0.001	0.0301	0.003	0.7374	0.7761
rs6537877	-0.0164	-0.001	0.0301	0.003	0.7376	0.7761
rs6537878	-0.0207	0	0.0297	0.003	0.7308	0.7761
rs6537879	-0.0208	-0.001	0.0297	0.003	0.7296	0.7743
rs6537880	-0.0045	0.005	0.0478	0.003	0.783	0.7071
rs6537883	-0.0107	0.003	0.0352	0.003	0.5162	0.5466
rs6537884	-0.1004	0.007	0.0743	0.007	0.9382	0.93843
rs6537885	0.0612	0.002	0.0302	0.003	0.7956	0.7817
rs6537886	-0.1375	0.008	0.033	0.003	0.8296	0.8041
rs6537887	-0.1159	0.006	0.0261	0.003	0.6629	0.6455
rs6537888	-0.0419	0.001	0.0761	0.008	0.9232	0.97761
rs6537889	-0.1152	0.006	0.0263	0.003	0.6608	0.6586
rs6537890	0.0967	-0.008	0.026	0.003	0.5802	0.5896
rs655315	-0.0196	0.002	0.0242	0.003	0.5151	0.4907
rs655323	-0.0298	0.003	0.0256	0.003	0.5577	0.5112
rs656025	-0.0154	-0.007	0.025	0.003	0.6194	0.5616
rs660970	-0.0154	-0.007	0.025	0.003	0.6196	0.5634
rs661417	-0.015	-0.007	0.025	0.003	0.6199	0.5672
rs663772	0.0551	0	0.0274	0.002	0.5137	0.5616
rs663810	0.0013	-0.007	0.0294	0.003	0.612	0.6101
rs6656215	0.0696	-0.003	0.0736	0.005	0.9455	0.8974
rs6657333	0.0656	-0.005	0.0297	0.003	0.721	0.7631
rs6658486	-0.0177	0.005	0.0257	0.002	0.5478	0.5224
rs6658641	-0.0011	-0.005	0.0358	0.003	0.8444	0.8563
rs6658855	-0.02	-0.002	0.0311	0.003	0.8079	0.8246
rs6659328	0.0803	-0.001	0.0337	0.003	0.6848	0.7351
rs6660031	-0.0115	0.005	0.0255	0.003	0.6898	0.6287
rs6660536	-0.048	0.003	0.0388	0.003	0.6527	0.6586
rs6660640	-0.0125	-0.003	0.0308	0.003	0.8016	0.819
rs6660724	-0.0053	0.002	0.0421	0.003	0.5668	0.5466
rs6660834	-0.0117	0.007	0.0765	0.004	0.9092	0.8433
rs6662049	0.0839	-0.003	0.0342	0.003	0.6497	0.7015
rs6662615	-0.0426	0.005	0.0387	0.003	0.8595	0.847
rs6663304	-0.022	0.003	0.0332	0.003	0.8331	0.8134
rs6663547	-0.0118	-0.002	0.0312	0.003	0.811	0.8228
rs6663556	-0.0284	0.004	0.0522	0.006	0.9301	0.93284
rs6664808	0.0679	-0.001	0.0298	0.002	0.5544	0.556
rs666493	0.0602	-0.001	0.0281	0.003	0.5114	0.5597
rs6666119	-0.0381	-0.01	0.0264	0.003	0.6984	0.6847
rs6667744	0.0676	-0.004	0.0723	0.005	0.9462	0.8937
rs6668031	-0.02	-0.001	0.0382	0.003	0.7984	0.8022
rs666842	0.1407	-0.009	0.0276	0.003	0.6272	0.5821
rs6669004	0.0522	-0.005	0.0277	0.003	0.6824	0.7127
rs6669533	0.0207	-0.001	0.0298	0.003	0.4232	0.4366
rs6669802	-0.0117	-0.004	0.0265	0.003	0.5675	0.5597
rs6670139	0.0713	-0.004	0.0732	0.005	0.9438	0.8974
rs6670279	0.0434	0.002	0.0307	0.003	0.7756	0.7593
rs6670649	0.0297	-0.004	0.0296	0.002	0.5213	0.5504
rs6671323	-0.0067	0.004	0.0322	0.003	0.7113	0.709
rs6671673	0.0119	-0.006	0.0267	0.002	0.536	0.5672
rs6672786	-0.0528	-0.003	0.0318	0.003	0.7127	0.6978
rs6673423	0.0526	-0.005	0.0274	0.003	0.6848	0.7146
rs6673666	6e-04	-0.001	0.033	0.003	0.8129	0.819
rs6673727	-0.0436	-0.007	0.03	0.003	0.7554	0.7556
rs6673804	-0.106	-0.006	0.0399	0.003	0.7724	0.7407
rs6673976	-0.0127	0	0.0254	0.003	0.5557	0.584
rs6674032	0.0137	-0.006	0.027	0.002	0.5296	0.5616
rs6674178	-0.0294	0.004	0.0365	0.004	0.8748	0.8694
rs6674413	0.14	-0.008	0.0271	0.003	0.611	0.5802
rs6674775	-0.0148	0.005	0.025	0.002	0.5453	0.5205
rs6675402	0.0724	-0.008	0.0264	0.002	0.4918	0.4925
rs6676659	-0.0386	0.004	0.0481	0.004	0.728	0.7313
rs6676743	-0.0128	0	0.0254	0.003	0.5554	0.584
rs6677250	-0.0119	0.006	0.0264	0.002	0.553	0.5429
rs6677291	-0.0434	-0.007	0.03	0.003	0.7558	0.7556
rs6677776	0.0986	-0.008	0.0262	0.003	0.5863	0.597
rs6677797	0.0057	-0.007	0.027	0.002	0.5016	0.5205
rs6679584	0.0804	-0.004	0.0849	0.005	0.9508	0.8955
rs6680537	-9e-04	-0.005	0.0358	0.003	0.8445	0.8563
rs6680912	-0.0441	-0.007	0.03	0.003	0.756	0.7556
rs66809949	-0.0952	-0.002	0.0444	0.003	0.7197	0.6679
rs6681232	-0.0412	-0.007	0.0296	0.003	0.7539	0.7537
rs6681343	-0.0355	0.001	0.0367	0.003	0.7408	0.7948
rs6682489	-0.1186	-0.004	0.0422	0.003	0.7881	0.7631
rs6682717	0.0572	0.002	0.0252	0.002	0.5373	0.5504
rs6682956	-0.0211	-0.002	0.0317	0.003	0.8212	0.8302
rs668413	-0.0155	-0.007	0.025	0.003	0.6195	0.5634
rs6684194	0.0285	0.005	0.0252	0.002	0.477	0.4608
rs6684395	0.0119	-0.006	0.0267	0.002	0.536	0.5672
rs6684562	-0.0446	-0.007	0.0298	0.003	0.757	0.7537
rs6684608	-0.0114	0	0.0248	0.003	0.5746	0.5877
rs6684772	-0.1092	-0.007	0.0408	0.003	0.7829	0.7425
rs6684947	-0.0373	0.004	0.0372	0.003	0.853	0.847
rs668532	-0.0154	-0.007	0.025	0.003	0.6195	0.5634
rs6685816	-0.0351	-0.008	0.0327	0.003	0.8105	0.8134
rs6687356	-0.0657	0	0.0778	0.009	0.9698	0.97388
rs6687382	0.0743	-0.004	0.0306	0.003	0.7013	0.7556
rs6687717	-0.1087	-0.007	0.0407	0.003	0.7822	0.7388
rs6688440	-0.0418	-0.007	0.0299	0.003	0.7543	0.7556
rs6689386	0.0559	0.002	0.0319	0.003	0.8084	0.7854
rs668945	-0.0214	0.004	0.0333	0.003	0.6581	0.6922
rs6690035	-0.0523	-0.003	0.0337	0.003	0.7563	0.7351
rs6690984	-0.0173	0.005	0.0252	0.002	0.561	0.5504
rs6691948	-0.0658	0	0.0777	0.009	0.9698	0.97388
rs6691984	-0.0271	-0.004	0.0325	0.003	0.8061	0.819
rs6692167	-0.0674	0	0.0779	0.009	0.9653	0.97388
rs6692804	-0.0111	-0.003	0.0308	0.003	0.8023	0.819
rs6693815	-0.0261	0	0.0298	0.003	0.7888	0.7836
rs6693932	-0.0337	-0.01	0.0266	0.003	0.703	0.6847
rs6694203	-0.0231	0.006	0.0479	0.004	0.9192	0.92164
rs669426	0.0172	0.007	0.0344	0.003	0.8508	0.8619
rs6694388	0.0678	-0.004	0.0307	0.003	0.7076	0.7631
rs6695237	0.0361	-0.002	0.0313	0.003	0.5539	0.5336
rs6695879	-0.0156	-0.007	0.0448	0.004	0.9195	0.91978
rs6696699	-0.1089	-0.007	0.0407	0.003	0.7822	0.7388
rs6696995	-0.1292	0.01	0.025	0.003	0.5778	0.5821
rs6697194	-0.0311	0.004	0.0376	0.003	0.8553	0.847
rs6698159	-0.0266	0.003	0.0401	0.004	0.8889	0.8731
rs6698294	-0.1669	0.001	0.0415	0.003	0.6134	0.6381
rs6698884	-0.0227	0.011	0.0485	0.005	0.9174	0.92164
rs6698913	-0.0252	-0.008	0.0301	0.003	0.7605	0.7537
rs6698967	-0.0858	0.005	0.0818	0.011	0.9348	0.96828
rs6699144	-0.0696	0.004	0.0401	0.003	0.6832	0.6847
rs6703064	-0.1098	-0.007	0.0407	0.003	0.7805	0.7351
rs6703572	-0.0173	0.003	0.0455	0.003	0.7764	0.7873
rs6703759	0.0654	-0.004	0.0297	0.003	0.7205	0.7631
rs670439	-0.0374	-0.005	0.0447	0.004	0.8738	0.8321
rs672992	0.2008	-0.002	0.0395	0.002	0.5944	0.5317
rs673151	0.0408	0.007	0.069	0.006	0.9557	0.9403
rs673792	0.1926	-0.003	0.0389	0.002	0.5317	0.4981
rs676828	-0.028	0.002	0.0252	0.003	0.5489	0.5019
rs678163	0.0551	0	0.0274	0.002	0.514	0.5616
rs680823	0.0604	-0.001	0.0281	0.002	0.5117	0.5616
rs681991	-0.0154	-0.007	0.025	0.003	0.6196	0.5634
rs685711	-0.0045	0.005	0.0322	0.002	0.5979	0.5709
rs686163	-0.015	-0.007	0.025	0.003	0.6199	0.5672
rs687643	0.0179	-0.002	0.0247	0.003	0.4901	0.5149
rs696264	-0.0429	0.006	0.054	0.005	0.9311	0.94216
rs705283	0.1821	-0.002	0.0362	0.002	0.529	0.5093
rs705292	0.1163	-0.004	0.0464	0.003	0.688	0.7481
rs705294	0.0547	0	0.0273	0.002	0.5141	0.5616
rs713344	-0.0343	0.004	0.0455	0.003	0.716	0.694
rs71657105	-0.0103	-0.003	0.0313	0.003	0.8114	0.8228
rs71665061	-0.0032	0.011	0.1404	0.008	0.9764	0.96455
rs71665066	0.0203	-0.011	0.0769	0.006	0.9654	0.95896
rs71665067	0.0087	-0.011	0.0682	0.006	0.9586	0.95896
rs71665069	-0.0158	0.001	0.0288	0.003	0.7661	0.7724
rs71665091	-0.0371	0.003	0.0392	0.004	0.8789	0.8545
rs71665092	-0.0953	-0.002	0.0445	0.003	0.7197	0.6679
rs720917	-0.0959	0.004	0.0371	0.003	0.8344	0.8284
rs722570	-0.0143	0.006	0.0265	0.002	0.5709	0.5616
rs72687286	-0.1419	-0.008	0.0721	0.007	0.9559	0.96455
rs72687289	-0.342	-0.001	0.1219	0.007	0.9747	0.96642
rs72687295	-0.1483	0.003	0.0467	0.004	0.8916	0.8787
rs72687301	-0.3431	0.001	0.1193	0.006	0.9722	0.95709
rs72688884	-0.3033	0.003	0.1168	0.007	0.9701	0.96082
rs72689525	0.0817	0	0.1544	0.008	0.9799	0.97761
rs72703284	0.0036	-0.008	0.0774	0.008	0.9741	0.97015
rs72703291	-0.1079	-0.022	0.1256	0.013	0.9856	0.98134
rs72703292	-0.1082	-0.019	0.1255	0.013	0.9856	0.98134
rs72703294	0.0211	0.009	0.0504	0.004	0.9309	0.9291
rs72703295	0.0211	0.009	0.0504	0.004	0.9309	0.9291
rs72705206	-0.0987	0.002	0.074	0.007	0.9721	0.97761
rs72705208	-0.0981	0.002	0.074	0.007	0.9722	0.97761
rs72705210	-0.0973	0.002	0.0741	0.007	0.9722	0.97761
rs72705211	-0.1263	-0.006	0.0854	0.007	0.9703	0.95336
rs72705220	-0.1263	-0.014	0.1409	0.015	0.9849	0.98321
rs72705222	-0.1518	-0.004	0.0876	0.007	0.9615	0.94216
rs72705225	-0.1378	-0.016	0.0895	0.007	0.9594	0.94216
rs72705252	-0.0407	0.003	0.0527	0.004	0.905	0.8881
rs72705253	-0.0373	0.002	0.0525	0.004	0.9054	0.8843
rs72705254	-0.0375	0.002	0.0518	0.004	0.9052	0.8825
rs72705259	-0.0429	0.004	0.0509	0.004	0.9032	0.8918
rs72705261	-0.0319	0.005	0.0367	0.004	0.8732	0.8675
rs72705262	-0.0315	0.005	0.0367	0.004	0.8733	0.8675
rs72705263	-0.031	0.005	0.0367	0.004	0.8727	0.8675
rs72705265	-0.0315	0.005	0.0367	0.004	0.8733	0.8675
rs72705267	-0.0315	0.005	0.0367	0.004	0.8733	0.8675
rs72705269	-0.0312	0.004	0.0367	0.004	0.875	0.8694
rs72705270	-0.0337	0.005	0.0414	0.004	0.8272	0.8694
rs72705287	-0.0074	0	0.0296	0.003	0.7841	0.7948
rs729244	-0.0855	0.009	0.0276	0.003	0.62	0.666
rs72973012	-0.0471	0.001	0.0301	0.003	0.6778	0.6903
rs72974718	0.013	0.002	0.0349	0.003	0.7162	0.6698
rs72974762	-0.054	-0.003	0.0763	0.007	0.9102	0.94216
rs72974777	-0.0962	0.002	0.0701	0.007	0.9045	0.96828
rs72974779	-0.0498	0.001	0.0778	0.008	0.9196	0.97761
rs72974785	-0.0687	0.001	0.0758	0.007	0.9202	0.97388
rs72975135	-0.0522	0.003	0.0554	0.005	0.922	0.90672
rs72976676	0.0631	-0.047	0.4261	0.022	0.9974	0.98881
rs72976694	-0.0426	-0.049	0.2953	0.021	0.9971	0.98881
rs72976695	-0.0419	-0.049	0.2952	0.021	0.997	0.98881
rs731756	0.071	-0.004	0.0724	0.005	0.9454	0.8937
rs732715	0.0288	0.006	0.0249	0.002	0.4744	0.4608
rs7355073	-0.0222	-0.002	0.0313	0.003	0.8095	0.8265
rs7355157	-0.0208	-0.002	0.0316	0.003	0.8197	0.8302
rs7364503	-0.0434	0.006	0.0248	0.003	0.6143	0.5821
rs7364724	-0.0436	0.006	0.0249	0.003	0.6142	0.5821
rs7364985	0.0735	-0.008	0.0249	0.003	0.559	0.5746
rs7365249	0.0573	0.002	0.0307	0.003	0.7948	0.778
rs7365459	0.073	-0.008	0.0269	0.002	0.5009	0.5019
rs7366071	0.0125	0.004	0.0528	0.004	0.8335	0.7854
rs7366900	0.0705	0.005	0.0502	0.003	0.746	0.7276
rs7367104	-0.1329	0.009	0.0311	0.003	0.8195	0.8022
rs7367593	0.074	-0.008	0.0247	0.003	0.5609	0.5765
rs7371	-0.0223	-0.002	0.0316	0.003	0.8202	0.8302
rs74113954	-0.0484	0.006	0.0582	0.006	0.943	0.92724
rs74115003	-0.0679	0	0.0822	0.009	0.9666	0.97388
rs74116704	-0.0235	0.002	0.0479	0.005	0.9077	0.90299
rs74117325	-0.2167	-0.029	0.2828	0.015	0.997	0.98134
rs74117326	0.0061	-0.031	0.6293	0.035	0.9989	0.98881
rs74117655	-0.0543	0.004	0.0575	0.005	0.9	0.90299
rs7417586	-0.1325	0.008	0.0311	0.003	0.8188	0.8004
rs74226008	0.0775	0.003	0.098	0.009	0.9507	0.97948
rs74226011	-0.0314	0	0.0736	0.009	0.9178	0.98321
rs74226012	-0.0323	0.001	0.0801	0.008	0.9289	0.98694
rs74402670	-0.0913	-0.004	0.0408	0.003	0.8336	0.8041
rs74418400	-0.0871	-0.004	0.0391	0.003	0.8399	0.8078
rs74481279	-0.0211	0.001	0.0564	0.006	0.9442	0.9403
rs74824573	-0.0252	0.001	0.054	0.006	0.946	0.9403
rs7483	0.0067	0.002	0.0287	0.003	0.7103	0.6866
rs74861363	0.1071	0.003	0.0628	0.004	0.8673	0.8862
rs74876149	-0.09	-0.004	0.0399	0.003	0.8379	0.8078
rs74891405	-0.0158	0.005	0.0244	0.002	0.4795	0.4291
rs749056	-0.0338	-0.009	0.0264	0.003	0.6976	0.681
rs7512903	0.0307	0	0.084	0.007	0.9671	0.97575
rs7513284	-0.0425	0.006	0.0248	0.003	0.6145	0.5821
rs7513745	-0.0106	0.006	0.0277	0.002	0.5659	0.5616
rs751387	0.1247	-0.008	0.025	0.003	0.6045	0.597
rs7513898	0.0578	0.003	0.0394	0.002	0.3931	0.4366
rs7514102	-0.0654	-0.003	0.0383	0.002	0.6227	0.569
rs7514385	0.1396	-0.008	0.0274	0.003	0.6022	0.5709
rs75150285	0.0026	0.007	0.0968	0.008	0.9756	0.96642
rs7515201	-0.0168	0.005	0.0253	0.002	0.5456	0.5149
rs7515406	-0.0149	-0.008	0.0264	0.003	0.6818	0.6437
rs7515826	0.0257	-0.005	0.0285	0.002	0.5217	0.5466
rs7517292	-0.0843	-0.001	0.0347	0.003	0.7809	0.75
rs7517624	0.0052	0.001	0.0337	0.003	0.4312	0.4011
rs7518059	-0.0362	0	0.0303	0.003	0.664	0.6679
rs7519442	-0.0156	0	0.0365	0.003	0.6552	0.7052
rs7519527	-0.0154	0	0.0301	0.003	0.7465	0.778
rs7519829	-0.0142	0	0.03	0.003	0.7521	0.778
rs75200283	-0.0117	0.003	0.0932	0.005	0.9416	0.93657
rs7520172	-0.0035	-0.001	0.0333	0.003	0.5745	0.5951
rs7520240	-0.0144	0.003	0.0931	0.005	0.9414	0.9347
rs7520586	-0.003	-0.001	0.0331	0.003	0.5825	0.6007
rs7521706	-0.0569	0.005	0.0664	0.005	0.9285	0.94216
rs7522243	-0.0098	0.004	0.0277	0.003	0.5577	0.5056
rs7522621	-0.1018	0.005	0.0676	0.007	0.9657	0.93284
rs7522797	-0.0181	-0.001	0.0307	0.003	0.6789	0.7108
rs7523091	-0.0198	-0.001	0.0296	0.003	0.7298	0.7743
rs7524737	-0.05	0.004	0.0441	0.003	0.7942	0.8004
rs7524801	-0.0927	0.004	0.0734	0.007	0.9338	0.93657
rs7525059	-0.0034	0.005	0.0345	0.003	0.7746	0.7146
rs7525563	-0.0408	-0.007	0.0296	0.003	0.754	0.7537
rs7525906	-0.0157	0	0.0301	0.003	0.7469	0.778
rs7526738	-0.015	0.006	0.0268	0.002	0.4928	0.4366
rs7526755	0.0725	-0.007	0.0265	0.002	0.491	0.4888
rs7526756	0.0725	-0.007	0.0265	0.002	0.491	0.4888
rs7527042	-0.0509	0.003	0.0793	0.005	0.9295	0.94403
rs7527452	-0.0946	0	0.0573	0.006	0.9134	0.90112
rs75290877	-0.0705	-0.003	0.0421	0.003	0.8157	0.7836
rs7529675	0.0222	0	0.0412	0.003	0.5801	0.5243
rs7529935	-0.0147	0.006	0.0263	0.002	0.5676	0.569
rs7530151	-0.0172	0.006	0.0255	0.002	0.5424	0.5168
rs7530260	0.0566	-0.003	0.0293	0.003	0.7035	0.7276
rs7530596	-0.08	0.005	0.0406	0.003	0.6377	0.6306
rs75309070	-0.061	-0.002	0.0605	0.005	0.9448	0.93843
rs7531202	0.1378	-0.008	0.0269	0.003	0.5867	0.5709
rs7532215	-0.0253	0.005	0.0334	0.003	0.8431	0.8284
rs7533070	-0.0151	0	0.0301	0.003	0.7473	0.778
rs7533167	-0.0175	0	0.0307	0.003	0.6873	0.7127
rs7533231	-0.0569	0.005	0.0664	0.005	0.9286	0.94216
rs7533579	-0.0084	0.004	0.0366	0.003	0.8474	0.8414
rs7533623	0.1403	-0.009	0.0269	0.003	0.5915	0.5821
rs7533771	-0.0281	0	0.032	0.003	0.7568	0.7519
rs7534019	-0.0345	-0.001	0.0305	0.003	0.7678	0.7929
rs7534034	-0.0058	0.009	0.0677	0.007	0.8892	0.95149
rs7534042	0.0485	0.001	0.031	0.002	0.4663	0.5168
rs7534218	-0.0325	-0.001	0.0299	0.003	0.7802	0.7948
rs7534238	0.0489	0.001	0.0311	0.002	0.467	0.5168
rs7534315	-0.0338	-0.001	0.0304	0.003	0.7654	0.7873
rs7534322	0.0485	0.001	0.031	0.002	0.4663	0.5168
rs7534565	-0.0025	0.005	0.0354	0.003	0.779	0.7164
rs7535558	-0.0836	0.005	0.0405	0.003	0.6319	0.6343
rs7535932	-0.056	0.005	0.0662	0.005	0.9287	0.94216
rs7536162	-0.0302	-0.001	0.0396	0.003	0.8239	0.7966
rs7536291	-0.017	-0.006	0.0257	0.002	0.5767	0.597
rs7537507	-0.0213	-0.002	0.0318	0.003	0.8206	0.8302
rs7537752	-0.0653	0.003	0.0323	0.003	0.7472	0.8116
rs7537956	-0.0892	0.005	0.0408	0.003	0.6495	0.6306
rs7538029	-0.0587	0.004	0.033	0.003	0.7505	0.8284
rs75391255	-0.058	0	0.067	0.005	0.9465	0.9403
rs7539980	-0.0206	-0.005	0.0534	0.005	0.9237	0.91604
rs7540934	0.0684	-0.008	0.0243	0.003	0.5526	0.5765
rs7541329	-0.2963	-0.019	0.1893	0.014	0.987	0.97948
rs7541938	-0.0311	0.004	0.0389	0.003	0.6955	0.7015
rs7542853	-0.0316	-0.001	0.0294	0.003	0.7882	0.7948
rs7542987	-0.151	-0.018	0.2158	0.015	0.995	0.98134
rs7544426	-0.0343	0.004	0.0488	0.006	0.9235	0.92724
rs7544525	0.08	-0.004	0.0846	0.005	0.951	0.8955
rs7544953	0.1523	-0.009	0.0249	0.002	0.4704	0.4832
rs7545124	0.1413	-0.01	0.028	0.003	0.6345	0.6063
rs7545139	0.1321	-0.01	0.0261	0.003	0.5995	0.5653
rs7545960	-0.0049	0.001	0.0421	0.002	0.5962	0.5522
rs7546394	-0.0462	0	0.0302	0.003	0.6708	0.6959
rs7546585	-0.0342	-0.007	0.0355	0.003	0.8367	0.7966
rs7546690	-0.0145	0.005	0.025	0.002	0.5452	0.5205
rs7547373	-0.0095	0.007	0.049	0.003	0.8111	0.7295
rs7547765	-0.0278	0.001	0.0567	0.004	0.862	0.806
rs75484590	0.0744	0.01	0.1014	0.008	0.9803	0.97761
rs7548588	0.0777	-0.007	0.0249	0.003	0.5469	0.5784
rs75500998	0.05	-0.002	0.0498	0.003	0.7646	0.8116
rs7550711	-0.0952	-0.002	0.0729	0.007	0.9719	0.97575
rs7551116	-0.0652	-0.003	0.0382	0.002	0.622	0.569
rs7551977	0.0655	0.001	0.0885	0.005	0.9549	0.91978
rs7553095	-0.0248	-0.004	0.0256	0.003	0.5435	0.5299
rs7553201	-0.028	0.004	0.0395	0.003	0.6634	0.6922
rs7553286	-0.0295	0.004	0.0389	0.003	0.6939	0.6978
rs7553933	-0.2863	-0.019	0.1939	0.014	0.9879	0.97948
rs7555325	-0.0424	0.006	0.0248	0.003	0.6145	0.5821
rs7556440	0.0649	-0.004	0.0289	0.003	0.7114	0.7575
rs75594050	-0.0082	-0.005	0.1628	0.009	0.9835	0.98694
rs756134	-0.1539	0.001	0.0378	0.003	0.6074	0.6381
rs756325	-0.0458	0.002	0.0323	0.003	0.8338	0.8414
rs75654794	-0.0523	0.004	0.0774	0.005	0.9295	0.94403
rs756635	-0.0023	0.004	0.0488	0.005	0.9127	0.91418
rs75733477	-0.0294	0	0.0301	0.003	0.7767	0.7929
rs75736400	0.0117	-0.002	0.0344	0.003	0.7714	0.778
rs75767646	-0.0315	0.001	0.0736	0.009	0.9177	0.98321
rs75777687	0.0184	0.003	0.0613	0.005	0.9239	0.95336
rs75788000	-0.0037	0	0.0431	0.004	0.8406	0.8451
rs75804239	0.0081	0.006	0.1033	0.004	0.9635	0.97388
rs75815680	-0.0518	0.002	0.0557	0.005	0.9251	0.90672
rs75953876	-0.0405	-0.001	0.059	0.005	0.9296	0.91791
rs75988638	-0.103	-0.004	0.0405	0.003	0.8482	0.8265
rs76002446	-0.0196	0.004	0.092	0.005	0.9397	0.9347
rs76073921	-0.027	0	0.03	0.003	0.7849	0.7929
rs76080413	-0.1202	-0.006	0.0446	0.003	0.8001	0.7836
rs76084834	-0.0139	-0.007	0.0448	0.005	0.9199	0.91978
rs76123489	0.0617	-0.003	0.1145	0.008	0.9655	0.98321
rs76173244	-0.0915	0.003	0.0643	0.007	0.951	0.94403
rs76315898	-0.1495	-0.003	0.0599	0.003	0.861	0.8116
rs76364546	-0.0934	0.004	0.0734	0.007	0.9334	0.93657
rs76386523	-0.014	0.004	0.0931	0.005	0.9414	0.9347
rs76497613	-0.0036	-0.016	0.1962	0.012	0.9906	0.97575
rs76646655	-0.1246	0.004	0.1165	0.009	0.9841	0.98134
rs76724794	-0.0739	0.009	0.0913	0.007	0.9656	0.97761
rs76830876	-0.2677	-0.024	0.3043	0.015	0.9964	0.98134
rs76850031	0.0185	0.001	0.1077	0.009	0.9624	0.98507
rs76899351	0.0109	-0.003	0.0301	0.003	0.7083	0.7575
rs76910258	-0.034	0.007	0.0547	0.006	0.9365	0.91978
rs76912669	-0.034	0.007	0.0547	0.006	0.9365	0.91978
rs76982594	-0.0373	-0.004	0.0447	0.004	0.8737	0.8321
rs76997102	-0.0191	-0.01	0.0409	0.004	0.9025	0.8918
rs77018082	0.0251	0.004	0.0636	0.005	0.904	0.95522
rs77227444	-0.0137	0.004	0.1366	0.008	0.9847	0.98507
rs77271825	0.2182	-0.019	0.1289	0.009	0.9782	0.98507
rs77396675	-0.0314	0	0.0736	0.009	0.9178	0.98321
rs77405905	-0.0525	0.001	0.0618	0.005	0.9271	0.91791
rs77440780	-0.0413	0	0.0297	0.003	0.6912	0.6978
rs77489340	-0.0443	0.001	0.0602	0.005	0.9305	0.91978
rs77505082	-0.0335	-0.004	0.0698	0.006	0.9396	0.95522
rs77506879	0.0193	-0.002	0.1077	0.009	0.9621	0.98507
rs77566028	-0.0923	0.007	0.097	0.011	0.9748	0.97015
rs77573985	-0.0247	0	0.0728	0.008	0.9135	0.98134
rs77677721	0.0759	0.01	0.1025	0.008	0.9805	0.97388
rs77854863	0.0567	-0.002	0.0824	0.006	0.9565	0.95336
rs77930249	-0.0236	0.004	0.0801	0.005	0.9563	0.94403
rs78096967	-0.0755	0.005	0.1437	0.007	0.9765	0.95709
rs78112401	-0.0051	0.008	0.0946	0.008	0.9772	0.96642
rs78183574	-0.0347	-0.004	0.0727	0.005	0.9465	0.94216
rs78308126	0.0255	0.001	0.1137	0.005	0.9669	0.91978
rs78430119	-0.0524	0.001	0.0618	0.005	0.9271	0.91791
rs78633716	-0.0465	0	0.0609	0.004	0.9207	0.90858
rs78639945	0.0296	0.003	0.0812	0.008	0.9721	0.96828
rs78667927	0.0099	-0.002	0.1282	0.007	0.9725	0.96269
rs78937490	0.0108	0.008	0.0786	0.007	0.9652	0.95896
rs79158426	-0.0918	0.004	0.0652	0.007	0.9502	0.94403
rs79247538	-0.054	-0.001	0.0594	0.005	0.9453	0.94963
rs79314544	-0.0705	-0.003	0.0421	0.003	0.8157	0.7836
rs79326802	0.0284	0.003	0.064	0.005	0.9077	0.95709
rs79332569	-0.0383	-0.014	0.0527	0.005	0.9447	0.94403
rs79351632	0.0193	-0.002	0.1077	0.009	0.9621	0.98507
rs79376127	0.025	0.004	0.0636	0.005	0.904	0.95522
rs79411185	0.0054	0.005	0.072	0.006	0.9573	0.95336
rs79545324	-0.0513	0.005	0.0973	0.008	0.9788	0.94776
rs79618722	-0.0907	0.002	0.0651	0.007	0.952	0.94403
rs79645118	-0.1284	-0.002	0.0903	0.005	0.9502	0.95149
rs79646200	-0.0606	0	0.0642	0.005	0.9458	0.9403
rs79650047	-0.1308	-0.001	0.0883	0.004	0.9414	0.93843
rs79741325	-0.0323	-0.003	0.0737	0.008	0.9176	0.98321
rs79797822	-0.0237	0.001	0.0939	0.006	0.9436	0.93843
rs79804794	-0.1034	0.005	0.1215	0.01	0.9868	0.98507
rs79823123	-0.0512	0.003	0.0974	0.008	0.9788	0.94776
rs79903979	-0.173	0.019	0.1389	0.009	0.9775	0.97761
rs79975639	-0.032	-0.001	0.0736	0.009	0.9177	0.98321
rs80123249	-0.1386	0	0.0473	0.003	0.6832	0.6063
rs80159841	0.0023	-0.003	0.1075	0.009	0.9606	0.98507
rs80200156	-0.0117	0.004	0.0934	0.005	0.9441	0.9347
rs80294132	-0.0271	-0.001	0.0299	0.003	0.7847	0.791
rs814318	0.118	-0.003	0.0487	0.003	0.7162	0.7649
rs814320	0.1172	0	0.0488	0.003	0.7374	0.7873
rs814759	0.0677	-0.004	0.0288	0.003	0.7196	0.7593
rs814760	0.0751	-0.003	0.0319	0.003	0.7164	0.7668
rs814761	0.0744	-0.003	0.0319	0.003	0.7161	0.7668
rs814763	0.0547	0	0.0273	0.002	0.5141	0.5616
rs814771	0.0568	-0.004	0.0277	0.003	0.6929	0.7164
rs841106	0.0032	0.007	0.0306	0.003	0.5867	0.6287
rs842024	-0.0894	0.01	0.0292	0.003	0.6119	0.6567
rs859222	-0.0408	-0.012	0.0297	0.004	0.6006	0.5877
rs860060	0.1165	-0.004	0.0463	0.003	0.685	0.7463
rs863978	-0.0126	-0.009	0.026	0.003	0.6806	0.6455
rs865774	0.0122	0.007	0.0338	0.003	0.8465	0.8582
rs875902	0.0266	-0.004	0.0405	0.003	0.6701	0.6866
rs875903	0.0265	-0.004	0.0405	0.003	0.6689	0.6866
rs875904	0.0268	-0.004	0.0406	0.003	0.6691	0.6866
rs877952	-0.1605	0.001	0.0401	0.003	0.6084	0.6325
rs878603	-0.0271	-0.001	0.0299	0.003	0.7849	0.791
rs878604	-0.0272	-0.001	0.0299	0.003	0.7848	0.791
rs878605	-0.0283	-0.001	0.03	0.003	0.7833	0.7873
rs884684	-0.0185	0.005	0.0256	0.002	0.5479	0.5224
rs884735	0.0036	0.004	0.0401	0.003	0.8118	0.806
rs891379	-0.0337	-0.01	0.0266	0.003	0.703	0.6847
rs892510	0.002	-0.001	0.0302	0.003	0.7686	0.7854
rs892511	-0.0668	-0.005	0.0784	0.007	0.9742	0.97388
rs897171	-6e-04	-0.005	0.0375	0.003	0.5621	0.5616
rs904023	0.1231	-0.008	0.025	0.003	0.6018	0.5896
rs904215	-0.0098	0.006	0.027	0.002	0.5913	0.584
rs915356	0.0602	0.002	0.0303	0.003	0.7955	0.7817
rs915357	0.1054	-0.008	0.0312	0.003	0.5774	0.556
rs919958	-0.0358	-0.006	0.0278	0.003	0.6926	0.6959
rs929166	0.0063	0.001	0.028	0.003	0.708	0.6642
rs93063	1e-04	0	0.0303	0.003	0.7698	0.7892
rs9429519	-0.0357	-0.01	0.0264	0.003	0.7005	0.6847
rs9429558	0.0356	0.002	0.0314	0.003	0.7799	0.7649
rs9429766	0.0292	0.002	0.0312	0.003	0.7719	0.7649
rs9429767	-0.0373	0.004	0.0335	0.003	0.8055	0.7948
rs9429768	-0.0934	0.009	0.0307	0.003	0.7025	0.7201
rs943638	0.0058	-0.002	0.0291	0.003	0.5886	0.5858
rs943640	-0.0449	0	0.0302	0.003	0.675	0.6922
rs943641	-0.027	-0.001	0.03	0.003	0.784	0.7873
rs943643	0.0204	0.001	0.0284	0.003	0.6221	0.6362
rs9645348	-0.0112	0.004	0.0307	0.003	0.7196	0.7201
rs9661614	-0.0331	-0.01	0.0264	0.003	0.6996	0.6847
rs9730011	0.0223	0.007	0.0342	0.003	0.8118	0.8209
rs9787081	-0.0285	-0.003	0.0889	0.006	0.941	0.95522
rs9988446	-0.105	-0.007	0.0397	0.003	0.7727	0.7388
