SNP	beta.exposure	beta.outcome	se.exposure	se.outcome	eaf.exposure	eaf.outcome
rs10047	0.0832	0.00370511	0.0285	0.000805279	0.5449	0.538792
rs1006309	0.0139	0.00344634	0.0296	0.000935535	0.7703	0.777716
rs10153678	0.0052	-0.00224465	0.042	0.00110867	0.853	0.855732
rs10153901	0.0024	-0.00224108	0.0473	0.00111114	0.849	0.856457
rs10166621	0.0475	0.000345038	0.0303	0.00097279	0.7858	0.797923
rs10167707	0.0148	0.00344141	0.0294	0.000935461	0.7696	0.777707
rs10167808	0.0046	-0.00225345	0.0418	0.00110859	0.8526	0.855719
rs10169743	0.0299	0.000312507	0.0304	0.000940547	0.7682	0.77688
rs10170774	0.0068	-0.00223968	0.0444	0.00111114	0.8504	0.856457
rs10170821	0.002	-0.0022638	0.0422	0.00110872	0.8553	0.855741
rs10171117	0.033	0.000470236	0.0303	0.000934454	0.7619	0.775422
rs10171440	0.0148	0.0034446	0.0293	0.000935483	0.7695	0.777713
rs10172060	0.03	0.000422194	0.0303	0.000934363	0.7678	0.775555
rs10172825	0.0295	0.000412052	0.0305	0.00093448	0.7694	0.775624
rs10173174	0.0302	-0.000364037	0.0265	0.000805804	0.6383	0.62847
rs10173526	0.1039	0.000848235	0.0463	0.000945571	0.8077	0.780016
rs10177683	0.0039	-0.00231344	0.0437	0.00110974	0.8524	0.855904
rs10179399	0.092	0.000818997	0.0433	0.000999843	0.8302	0.811187
rs10180733	0.0284	0.000403108	0.0304	0.000934731	0.7568	0.775551
rs10181051	0.0212	-0.000231864	0.0289	0.000799526	0.6292	0.600997
rs10181793	0.0071	-0.000764462	0.0502	0.000897973	0.7857	0.737265
rs10181898	0.004	-0.00234332	0.0428	0.00111247	0.8528	0.856797
rs10182982	0.0044	-0.000754978	0.0265	0.000784293	0.5703	0.557098
rs10182990	-0.0198	-0.00174676	0.0294	0.0008195	0.5621	0.584732
rs10184564	-0.0781	0.00101276	0.0356	0.000807321	0.5998	0.586694
rs10184669	0.3858	0.00254124	0.0309	0.000825499	0.645	0.662207
rs10184713	0.0026	-0.00234275	0.0434	0.00111244	0.8545	0.856797
rs10184910	0.0302	-0.000362302	0.0265	0.000805803	0.638	0.628466
rs10185319	-0.0055	0.00355113	0.0308	0.00094927	0.7996	0.786518
rs10185680	0.0189	-7.19421e-05	0.0245	0.000780921	0.5437	0.526997
rs10188318	0.0305	0.000418522	0.0286	0.000934773	0.7627	0.775664
rs10189013	0.004	-0.00233667	0.0436	0.00111225	0.8524	0.856798
rs10189243	0.0109	0.00025483	0.0289	0.000810468	0.6091	0.637244
rs10189443	0.004	-0.0023365	0.0436	0.00111224	0.8524	0.856798
rs10190033	-0.0148	-0.000844704	0.0378	0.00103439	0.8414	0.829134
rs10190827	0.142	0.00103841	0.0499	0.000984581	0.8302	0.801951
rs10191488	0.0289	-0.000533247	0.0278	0.000807972	0.6731	0.632241
rs10191964	0.0087	-0.00212543	0.037	0.00106557	0.8002	0.840913
rs10192057	0.0308	0.00046585	0.03	0.000934805	0.7655	0.775766
rs10194004	0.0041	-0.00234945	0.0436	0.00111219	0.8518	0.856727
rs10194817	-0.0247	0.00310821	0.0405	0.00115394	0.8223	0.866622
rs10194831	0.0034	-0.00224174	0.0441	0.00111113	0.8529	0.856453
rs10196248	0.0295	-0.000350726	0.0268	0.000805811	0.6326	0.628452
rs10196307	-0.0054	0.0035698	0.0308	0.00094954	0.7997	0.786694
rs10197237	0.0298	0.000365083	0.0304	0.000934244	0.7686	0.775484
rs10200844	0.0109	0.000254909	0.0289	0.000810471	0.6091	0.637244
rs10200890	0.0134	0.00355492	0.0293	0.000948633	0.7758	0.7862
rs10201714	-0.0845	6.64973e-05	0.0328	0.000800993	0.4614	0.438132
rs10203603	0.0909	0.000812565	0.0433	0.000999827	0.8297	0.81122
rs10204305	0.0034	-0.00224184	0.0442	0.00111114	0.8495	0.856457
rs10204525	0.028	-0.00356501	0.0448	0.00130368	0.7505	0.9004342
rs10205490	0.0309	0.000445533	0.0289	0.00093872	0.7629	0.778463
rs10205558	-0.0082	0.00362883	0.0315	0.000952	0.8032	0.786974
rs10206261	0.0297	0.000312507	0.0304	0.000940547	0.7687	0.77688
rs10206449	0.002	-0.00233564	0.0446	0.00111214	0.8546	0.856795
rs10207214	0.0414	-0.000188414	0.0683	0.00154876	0.9084	0.930108
rs10207949	0.0051	-0.00232012	0.042	0.00110979	0.8532	0.856094
rs10208832	0.004	-0.00233235	0.0436	0.00111228	0.8524	0.856803
rs10209238	0.0034	-0.00235874	0.0441	0.00111208	0.8529	0.856782
rs10210090	0.0465	0.000365123	0.0298	0.000969947	0.7895	0.797536
rs1044277	0.0218	-0.000851822	0.0298	0.000919847	0.7608	0.763539
rs10469795	0.0309	0.000430639	0.0303	0.000934483	0.7652	0.77546
rs1048025	0.0394	9.04819e-05	0.0924	0.00316122	0.9696	0.9845403
rs10495746	0.0822	-0.00103377	0.0754	0.00125048	0.9274	0.890772
rs1056801	-0.0282	-0.00162678	0.0508	0.00105607	0.889	0.837734
rs10755057	-0.3415	-0.006284	0.0255	0.000778854	0.5124	0.500737
rs10865254	0.017	-0.000728888	0.0295	0.000892364	0.7328	0.737342
rs10933545	0.0315	0.000446797	0.0293	0.00093932	0.7626	0.778563
rs10933546	-0.0218	-0.00195345	0.0284	0.000802512	0.6234	0.619189
rs10933547	0.0263	0.00255759	0.0244	0.000784371	0.5267	0.556117
rs10933548	-0.0218	-0.00194353	0.0281	0.000802737	0.6241	0.61906
rs10933549	0.0332	0.00272744	0.0244	0.000786148	0.5368	0.564515
rs10933550	-0.0203	-0.00191921	0.0282	0.000802787	0.627	0.619361
rs10933553	-0.0438	-0.00101826	0.0318	0.000973936	0.8097	0.798471
rs10933558	0.046	0.000370576	0.0294	0.000969675	0.7901	0.797479
rs10933559	0.0459	0.000268567	0.0294	0.000967978	0.7904	0.796453
rs10933561	0.0226	0.000219576	0.038	0.000892964	0.6928	0.739009
rs10933562	0.1224	0.00172222	0.0448	0.00125631	0.8264	0.891437
rs10933563	0.088	0.00134081	0.0281	0.000855679	0.6495	0.697658
rs10933564	0.0353	-0.000633773	0.0414	0.000805628	0.6527	0.616593
rs10933568	-0.323	-0.00630946	0.0241	0.000779568	0.5181	0.493806
rs10933569	-0.3195	-0.00630806	0.0238	0.000779493	0.5161	0.493787
rs1106523	-0.023	-0.00190839	0.0281	0.000802815	0.6244	0.619418
rs11125371	-0.0055	0.00141433	0.0254	0.000788894	0.5575	0.553855
rs11125372	-0.0364	0.00312941	0.0377	0.00115377	0.859	0.866579
rs11125393	0.0196	-0.00190795	0.0274	0.000878615	0.7283	0.729317
rs11127359	0.005	-0.000741068	0.048	0.00125427	0.882	0.888972
rs111274471	-0.1678	0.000244346	0.215	0.0042237	0.9943	0.99139825
rs111309489	-0.0298	-0.00162151	0.0521	0.00105593	0.8925	0.83768
rs111310684	0.0072	0.00219954	0.0321	0.000966678	0.8144	0.796111
rs111410563	-0.0955	-0.00176402	0.0589	0.00134584	0.9239	0.9072165
rs111507593	0.0405	0.000428917	0.0426	0.00123555	0.8969	0.887418
rs111520927	0.1025	0.000618689	0.052	0.000958168	0.7934	0.778218
rs111634163	-0.0016	-0.00223823	0.0421	0.00110637	0.8466	0.854773
rs111716727	-0.2567	-0.00469954	0.1464	0.00426258	0.991	0.99155543
rs111895441	-0.0227	0.00108263	0.0528	0.00148028	0.9325	0.9243473
rs111911450	0.0481	-0.000913903	0.0484	0.00117702	0.8758	0.874369
rs111918792	0.1031	-0.000473764	0.0663	0.00143915	0.9386	0.9202385
rs111943976	0.0032	-0.000530536	0.0429	0.00125691	0.9086	0.892399
rs112347514	-0.0826	-0.00178721	0.0452	0.00134558	0.9043	0.9071913
rs112358322	-0.1118	-0.000945552	0.2231	0.00433127	0.9962	0.99156729
rs112384482	0.0392	0.000427867	0.0423	0.00123563	0.8946	0.887316
rs112397406	0.1165	-0.000112494	0.0604	0.00145762	0.9178	0.9207412
rs112421948	0.0493	-0.000859309	0.0501	0.0011776	0.8778	0.874466
rs112557213	-0.0698	-0.00160592	0.0474	0.00151738	0.9232	0.9284132
rs112807733	-0.1213	-0.000965338	0.2224	0.00421414	0.9959	0.99136415
rs112833617	-0.256	-0.00491816	0.1464	0.00427622	0.991	0.99162068
rs112871643	-0.0826	-0.00135824	0.0571	0.00201347	0.9403	0.9607576
rs112932108	-0.2533	-0.00499641	0.1452	0.00427564	0.9909	0.99161623
rs112990181	0.0978	0.00367894	0.0359	0.000795717	0.6057	0.585966
rs113231082	-0.085	-0.00177827	0.0451	0.00134214	0.9064	0.9065804
rs113281275	-0.1466	-0.00144473	0.1341	0.00329371	0.9899	0.9854389
rs113294008	0.0547	2.9951e-05	0.1261	0.00187282	0.9784	0.953391
rs113362373	-0.0299	0.00281589	0.0364	0.00114532	0.8674	0.865441
rs113365896	-0.0609	0.0017044	0.032	0.00099649	0.7942	0.81052
rs1133811	0.0779	0.0033835	0.0292	0.000809602	0.5903	0.551724
rs113383130	-0.1613	-0.00111678	0.1327	0.00316039	0.988	0.984392
rs113404571	0.0431	9.49781e-05	0.0436	0.00125276	0.8979	0.890493
rs113453396	-0.1795	-0.00424903	0.1087	0.00189728	0.973	0.9556953
rs113586717	-0.0235	0.00113689	0.0552	0.00150957	0.9345	0.9273322
rs113638760	-0.1655	0.000240358	0.215	0.0042243	0.9941	0.99138343
rs113739568	0.1061	0.000114978	0.0523	0.00137426	0.9038	0.9107026
rs113760094	-0.0089	-0.00189898	0.0362	0.000999838	0.7984	0.813299
rs113770779	-0.2566	-0.00498015	0.1463	0.00427588	0.9911	0.99161771
rs113869879	-0.1665	0.000248808	0.2153	0.00421974	0.9945	0.99138194
rs114169239	-0.1513	-0.00213661	0.1202	0.00269801	0.9848	0.9784801
rs1142802	0.012	0.00342646	0.0288	0.000935397	0.7692	0.777714
rs114340515	0.0466	-0.000912549	0.0447	0.00143362	0.9169	0.9197566
rs114431688	-0.0748	-0.0034864	0.2524	0.00451577	0.9964	0.99211593
rs114494076	-0.089	-0.00138591	0.0559	0.00201111	0.9429	0.9607354
rs114795698	-0.0943	-0.0014122	0.0562	0.00201041	0.9376	0.9607101
rs114913738	-0.0615	0.000338612	0.083	0.00261995	0.9693	0.977107
rs114928919	-0.0785	9.86149e-07	0.0854	0.00266316	0.9749	0.9779729
rs114958921	-0.0633	-0.000522978	0.0764	0.00264805	0.9706	0.977924
rs114986131	-0.1694	-7.54225e-05	0.2167	0.00423597	0.9949	0.99145312
rs11509369	-0.0465	-0.0029088	0.0603	0.00125066	0.9073	0.887887
rs115140256	-0.1635	0.000334768	0.2146	0.00420965	0.9934	0.99131373
rs115165955	-0.0859	0.00590019	0.1022	0.00274658	0.9711	0.9794231
rs115178990	-0.0732	9.19e-05	0.0847	0.00262302	0.9743	0.9773428
rs115260138	0.0993	0.000776514	0.0462	0.000944907	0.8067	0.779529
rs115271170	0.0094	-0.000556884	0.0444	0.00125796	0.9122	0.892603
rs115273685	-0.0241	0.00111691	0.0555	0.00150976	0.9354	0.927264
rs115334231	0.0719	-0.00104757	0.0594	0.00160988	0.9492	0.9377059
rs115354092	-0.0894	-0.00141469	0.0559	0.00201125	0.9429	0.9607354
rs115405143	0.0934	0.000848381	0.0432	0.00100052	0.8298	0.811389
rs115412970	-0.0315	-0.00400546	0.2349	0.00329447	0.9916	0.985771
rs115481756	0.0332	0.0160614	0.2425	0.00578729	0.9937	0.99501036
rs115488926	0.121	-0.00148408	0.0639	0.00176012	0.957	0.9482665
rs11553491	-0.0393	0.0024534	0.0357	0.00109361	0.8595	0.849942
rs11554054	-0.0319	-0.001068	0.0321	0.000989651	0.8214	0.807935
rs11555263	-0.0752	0.000663326	0.0824	0.00273538	0.9628	0.9786283
rs115622046	0.102	0.000738224	0.0467	0.000945529	0.8061	0.779562
rs115779893	-0.0676	-0.000439659	0.0768	0.00264197	0.9713	0.9776304
rs115812193	-0.0916	0.00312709	0.1144	0.00239194	0.983	0.9724184
rs115829708	0.0755	0.0045573	0.2012	0.00313652	0.9887	0.9837915
rs115893694	0.1061	-0.00182244	0.0759	0.00237545	0.9701	0.9719928
rs116005540	-0.3036	-0.00165939	0.3504	0.00467764	0.9961	0.99276392
rs116135489	0.0061	0.00081013	0.0831	0.00153383	0.9418	0.9287854
rs116252684	0.2597	-0.00120801	0.1947	0.00451916	0.9906	0.99249553
rs116292290	-0.1434	-0.00195747	0.1201	0.00268191	0.9853	0.9784311
rs116325000	0.0572	0.000295539	0.0681	0.00180055	0.9584	0.9488729
rs116426383	0.0244	-0.00091762	0.042	0.00132543	0.9074	0.9043206
rs116442880	-0.0891	-0.00137182	0.0573	0.00201314	0.9442	0.9607413
rs116545172	0.0781	-0.00148741	0.107	0.00206168	0.9692	0.9630204
rs116660098	-0.1018	0.00351096	0.1011	0.00180543	0.9628	0.9492748
rs116680784	-0.0789	0.00258033	0.1107	0.00241531	0.9839	0.9723991
rs116735256	-0.0664	0.00655725	0.3442	0.00531988	0.9981	0.99450621
rs11675585	0.0018	0.00113602	0.0251	0.000804988	0.6157	0.617631
rs11675654	0.126	-0.00095041	0.16	0.00237131	0.9815	0.9718846
rs11676197	-0.0812	-0.00226625	0.0459	0.000935043	0.7919	0.77067
rs11677414	-0.0221	-0.00190859	0.0281	0.000802644	0.6239	0.619358
rs11678896	-0.034	-0.0014819	0.033	0.00100144	0.8228	0.813054
rs11679356	0.0384	0.000549486	0.0321	0.000973326	0.7982	0.798935
rs11679421	-0.0881	-0.00234604	0.0471	0.000940114	0.7978	0.772198
rs11679955	0.0291	0.000409166	0.0302	0.000934132	0.7615	0.774956
rs11680983	0.0314	0.000425732	0.0284	0.000938622	0.7632	0.778484
rs11681267	0.0298	0.000424277	0.0303	0.000934521	0.7677	0.775625
rs11681497	0.0025	-0.000544087	0.043	0.00125773	0.908	0.892558
rs11682299	0.0297	-0.000347221	0.0268	0.000805803	0.6387	0.628486
rs11682333	0.0297	-0.000340654	0.0268	0.000805846	0.6387	0.628537
rs11683555	0.0297	-0.000347344	0.0268	0.000805803	0.6386	0.628486
rs11683764	-0.0327	-0.00110934	0.0323	0.00098956	0.8214	0.807876
rs11684105	0.0299	0.000417668	0.0302	0.000934529	0.7669	0.775674
rs11684403	-0.002	-0.00132438	0.0412	0.00117062	0.8994	0.873186
rs11686159	0.0472	0.000369627	0.0302	0.000972898	0.7889	0.797989
rs11686991	0.0396	0.00056749	0.032	0.000973333	0.7997	0.798935
rs11687481	0.0461	0.000366377	0.0295	0.000969826	0.79	0.797499
rs116890859	0.0388	8.60286e-05	0.089	0.00316537	0.9695	0.9845685
rs11689496	3e-04	-0.00138564	0.0404	0.00116932	0.8967	0.872747
rs11690176	-0.0067	-0.000342861	0.0275	0.000837479	0.6784	0.68276
rs11690506	-0.0327	-0.00110552	0.0323	0.000989549	0.8214	0.807861
rs11693232	7e-04	-0.000583753	0.0425	0.00125692	0.9069	0.892406
rs116934235	0.0271	-0.000260929	0.079	0.0029368	0.971	0.9817986
rs11693454	0.0297	0.000435697	0.0303	0.000934544	0.7644	0.775579
rs11695564	-0.0287	-0.00144829	0.0428	0.00106201	0.7691	0.828205
rs117245337	-0.0868	-0.0013631	0.0574	0.00201298	0.9412	0.9607368
rs11884197	-0.0229	-0.00190318	0.0281	0.000802621	0.6243	0.619351
rs11884861	9e-04	-0.00114288	0.0306	0.000900388	0.7531	0.748479
rs11886549	-0.006	0.00357397	0.031	0.000949368	0.7971	0.786556
rs11886838	0.0067	-0.00228643	0.0451	0.00111332	0.85	0.85716
rs11887770	0.0037	-0.00224156	0.0441	0.00111114	0.8524	0.856457
rs11890117	-0.0532	0.00061492	0.0377	0.000805546	0.4005	0.383954
rs11890987	0.0039	-0.00233573	0.0438	0.0011122	0.8524	0.856797
rs11892283	0.0074	0.000271219	0.0305	0.000818627	0.6585	0.652868
rs11895257	0.0295	0.000181308	0.0871	0.00311702	0.9483	0.9840791
rs11896092	0.0074	0.000271996	0.0305	0.000818629	0.659	0.652868
rs11896191	-0.0219	-0.00194681	0.0284	0.000802516	0.6238	0.619201
rs11902184	0.0494	-0.000837601	0.0502	0.00117766	0.8778	0.874451
rs11902756	0.0087	0.000297787	0.0303	0.0008186	0.6592	0.65281
rs11902776	0.0038	-0.00233543	0.0439	0.00111219	0.8524	0.856797
rs11902896	-0.0847	-0.00180332	0.045	0.00134498	0.907	0.9071379
rs12105133	0.0487	-0.000897556	0.048	0.00117707	0.8772	0.874398
rs12105324	0.0491	-0.000877178	0.0484	0.00117755	0.8772	0.874407
rs12151655	-0.0283	-0.00164604	0.0508	0.00105607	0.8883	0.837835
rs12233108	0.1308	0.00184951	0.0481	0.00129374	0.84	0.897464
rs12233133	0.0023	-0.00176672	0.0359	0.00100124	0.8028	0.814083
rs12464159	0.0071	-0.002274	0.0446	0.00111131	0.8485	0.856505
rs12467258	0.113	-0.000312415	0.058	0.00137826	0.8975	0.9122432
rs12467294	0.0117	0.0034356	0.0289	0.000935545	0.77	0.777812
rs12468518	-0.033	-0.00111764	0.032	0.000989817	0.8219	0.807947
rs12469126	0.0047	-0.00219243	0.0418	0.00110974	0.8525	0.856086
rs12469459	0.6506	0.00437649	0.0456	0.00086393	0.68	0.714129
rs12469591	-0.0079	0.00356561	0.031	0.000949263	0.7934	0.786525
rs12472418	-0.0754	-0.00122979	0.042	0.00104802	0.856	0.831457
rs12473044	0.6518	0.00521827	0.0458	0.000889942	0.6861	0.737504
rs12473772	0.1124	4.57566e-05	0.0582	0.00141188	0.8997	0.9168147
rs12474449	-0.0246	-0.00203247	0.0289	0.000800658	0.6173	0.614558
rs12475277	0.0221	-0.000802196	0.0291	0.000919482	0.7548	0.763248
rs12475316	-0.006	0.000354577	0.0325	0.000787412	0.5282	0.521908
rs12475374	-0.0246	-0.00203099	0.0288	0.000800644	0.6175	0.614501
rs12476462	-0.0326	-0.00109556	0.0321	0.000989669	0.822	0.807932
rs12477089	-0.0412	-0.0013371	0.031	0.000974202	0.8122	0.799544
rs12477121	0.0448	0.0119461	0.1122	0.0065093	0.9649	0.99637751
rs12478458	0.025	0.00255401	0.0242	0.000784253	0.5275	0.556135
rs12611913	0.0229	-0.000849523	0.0293	0.000919847	0.7572	0.763583
rs12612038	-0.0096	-0.00187732	0.0362	0.00100151	0.8018	0.814154
rs12612578	-0.0218	-0.00194562	0.0281	0.000802504	0.6241	0.619198
rs12612905	0.0084	-0.00184348	0.038	0.00099937	0.8111	0.81317
rs12617840	-0.1041	-0.00163502	0.0507	0.00111057	0.8567	0.853853
rs12618809	0.0023	-0.00186196	0.0361	0.00099578	0.8027	0.811407
rs12618943	0.003	0.00101922	0.0251	0.000785524	0.4635	0.457097
rs12618962	0.0923	0.0011715	0.0323	0.00083226	0.6789	0.66617
rs12619369	-0.0183	-0.00127422	0.044	0.00104691	0.8571	0.834212
rs12619620	-0.0221	-0.00190061	0.0281	0.000802624	0.6248	0.619351
rs12619647	0	-0.00238703	0.0256	0.000827697	0.6712	0.666891
rs12621047	-0.0098	0.00141309	0.0333	0.000896153	0.3231	0.259462
rs12621152	-0.0362	0.0023677	0.0382	0.00108756	0.849	0.84194
rs12622880	0.0162	-0.00173446	0.0386	0.0010037	0.8171	0.81399
rs12624001	-0.0682	-0.000865611	0.0594	0.00112365	0.8753	0.847891
rs12624195	0.0042	-0.0018978	0.036	0.000995622	0.8009	0.811358
rs12624197	0.0329	0.00272131	0.0245	0.000786386	0.5336	0.56433
rs12694997	0.0318	0.00037567	0.0282	0.000934193	0.7629	0.775474
rs12694998	0.0305	0.000410014	0.0286	0.000934743	0.7628	0.775662
rs12695001	-0.0052	0.00355455	0.0311	0.000949304	0.7979	0.786552
rs12713147	0.0016	-0.00226042	0.0422	0.00110922	0.8556	0.855797
rs12713161	0.0189	-0.000144534	0.0254	0.000780998	0.5385	0.527438
rs12713184	0.0069	-0.00227971	0.0449	0.00111333	0.8499	0.857182
rs12713185	0.009	-0.00227956	0.0527	0.00111333	0.8377	0.857182
rs12713186	0.0068	-0.00227882	0.045	0.00111331	0.8494	0.857181
rs12843	-0.2005	-0.00653855	0.168	0.00503163	0.9874	0.99377222
rs12903	0.0791	0.00337901	0.0267	0.000813063	0.555	0.552338
rs12988269	0.0041	-0.00232617	0.0428	0.0011122	0.8528	0.856647
rs12988792	0.0466	0.000360749	0.0298	0.000969794	0.7894	0.797502
rs12989842	0.0187	-0.000859016	0.0288	0.000917061	0.7532	0.761743
rs12991838	0.1314	0.00180785	0.0493	0.0012921	0.8437	0.896822
rs12993176	0.1319	0.00188292	0.0486	0.00129568	0.8422	0.897633
rs12993335	-0.03	0.000449299	0.039	0.000828673	0.5687	0.610315
rs12998967	-0.335	-0.00623645	0.0249	0.000779501	0.5174	0.4911
rs13001766	0.0504	-0.000273311	0.047	0.000903637	0.7928	0.734665
rs13001905	-0.0711	-0.00114329	0.0254	0.000847604	0.3587	0.307025
rs13006939	0.0315	0.000406254	0.0284	0.000938909	0.7631	0.778889
rs13011791	0.0449	0.000262952	0.03	0.000969672	0.7916	0.797059
rs13013693	0.0484	0.000394586	0.0305	0.000970416	0.7888	0.797474
rs13016301	0.004	-0.00234404	0.0428	0.0011125	0.8528	0.856797
rs13017223	-0.024	0.0012283	0.0328	0.00079577	0.5701	0.558771
rs13024127	0.1307	0.00188093	0.048	0.00129544	0.8402	0.89758
rs13024737	0.131	0.00187517	0.0481	0.00129535	0.8405	0.897578
rs13026988	0.0456	0.000350678	0.0295	0.000970059	0.7893	0.797568
rs13033734	0.0357	-0.000390294	0.0261	0.000807922	0.6313	0.627463
rs13388333	0.0293	-0.00052441	0.028	0.000808166	0.6762	0.632303
rs13393082	0.0036	-0.00233622	0.0437	0.00111223	0.8529	0.856798
rs13395218	-0.006	0.00350826	0.031	0.000949282	0.797	0.786518
rs13404054	0.0034	-0.00233494	0.0439	0.00111218	0.852	0.856797
rs13405290	-0.0238	-0.00133454	0.0441	0.00104777	0.8838	0.834504
rs13407075	0.0037	-0.00233809	0.0434	0.00111238	0.8529	0.856834
rs13408129	0.0068	-0.00227897	0.045	0.00111331	0.85	0.857181
rs13408226	0.0068	-0.00227897	0.045	0.00111331	0.85	0.857181
rs13413380	0.0305	0.000408709	0.0291	0.000934581	0.7652	0.775723
rs13413450	0.0047	-0.00221555	0.0418	0.00110962	0.8526	0.856073
rs13415197	0.0034	-0.0022381	0.0442	0.00111113	0.8521	0.856454
rs13416994	0.0035	-0.00233522	0.0439	0.00111219	0.8529	0.856797
rs13418378	0.0038	-0.0023382	0.0434	0.00111239	0.8529	0.856834
rs13421574	0.0037	-0.00233589	0.0438	0.00111221	0.8527	0.856797
rs13421651	-0.1038	-0.000943287	0.0491	0.00107772	0.8551	0.843741
rs13422793	0.0472	0.000368783	0.0299	0.000969963	0.7908	0.797538
rs13423757	-0.0569	0.000649506	0.0378	0.000802617	0.4029	0.384064
rs13423900	0.0301	0.000416318	0.0303	0.000934476	0.7678	0.775569
rs13426326	0.0305	0.000420052	0.0303	0.000934462	0.7652	0.775595
rs13427447	-0.0652	-0.00174471	0.0479	0.000985883	0.8031	0.804357
rs13428770	0.0886	0.000952524	0.0436	0.00101531	0.8342	0.816117
rs1355608	-0.0032	-0.00167192	0.0278	0.000959296	0.746	0.784853
rs138022661	-0.3053	-0.000586179	0.6009	0.00429092	0.9989	0.99167257
rs138207977	-0.0509	-0.0018243	0.2044	0.00372104	0.993	0.9886032
rs138453563	-0.1994	-0.00424208	0.1149	0.00195566	0.9753	0.9564204
rs138768348	-0.0396	-0.00187657	0.201	0.00373592	0.9934	0.9886832
rs138811002	-0.268	0.00272842	0.1423	0.00356786	0.9886	0.9872583
rs139092929	0.2497	9.15835e-05	0.1975	0.00459918	0.991	0.99259191
rs139396897	-0.0342	0.00119199	0.061	0.00151163	0.9452	0.927651
rs1398251	-0.0039	-0.00166718	0.0299	0.000959889	0.7558	0.785074
rs139977608	0.1313	-0.00078369	0.0661	0.00206571	0.9617	0.963004
rs139981990	0.7174	-0.0139491	0.3078	0.00807484	0.9958	0.99734133
rs140229892	-0.5179	0.0053082	0.3948	0.00692382	0.9971	0.99677194
rs140340851	0.0861	-0.000423644	0.1121	0.00224874	0.972	0.9687544
rs140678351	-0.1101	0.0112061	0.1814	0.00669891	0.9894	0.99657324
rs140796122	-0.158	-0.00130269	0.135	0.00317609	0.9903	0.9845981
rs141417612	-0.0417	-0.00191682	0.2027	0.003767	0.9927	0.9886284
rs141483804	-0.1632	-0.00225761	0.1354	0.00313141	0.9904	0.9839916
rs142107819	-0.21	-0.00423811	0.115	0.00195543	0.9735	0.9564189
rs142123482	-0.1149	-0.000394031	0.2215	0.00350689	0.9945	0.987322
rs142255090	0.1021	0.000832179	0.047	0.00094533	0.8094	0.779872
rs1424344	0.0495	-0.000843656	0.0503	0.00117744	0.8778	0.874423
rs142489389	-0.1751	-0.00412967	0.1073	0.00190011	0.9728	0.9556256
rs142651022	-0.2981	-0.000322853	0.6037	0.00428364	0.9989	0.99165478
rs142686422	-0.1146	-0.00163169	0.1594	0.00290965	0.9861	0.9813315
rs142909041	0.1094	0.000713023	0.1536	0.00379913	0.9856	0.9891755
rs143050545	-0.157	-0.00129654	0.135	0.00317508	0.9902	0.9845344
rs143257476	-0.3159	-0.00467696	0.2113	0.00368889	0.9897	0.9882903
rs14351	0.0044	0.00339741	0.0298	0.000930606	0.7343	0.774104
rs143645786	-0.1571	-0.00130511	0.1352	0.00317298	0.9903	0.9846129
rs143657807	0.087	0.00486257	0.1981	0.00321507	0.9887	0.9842052
rs14388	0.0299	0.000174306	0.0853	0.00311756	0.9478	0.9840791
rs143995514	-0.2377	-0.00817526	0.2401	0.00988916	0.9934	0.99829181
rs144315300	-0.0823	-0.00384525	0.219	0.0032912	0.99	0.9856554
rs144340200	0.3964	0.00270462	0.2149	0.00410599	0.9923	0.99054564
rs144433956	0.3117	0.0115496	0.2611	0.00915791	0.9935	0.99803825
rs144869663	0.0942	-0.0017423	0.0772	0.00136388	0.9178	0.893471
rs145392931	0.5039	0.00882666	0.2713	0.00564673	0.9939	0.99480574
rs145534125	-0.2574	-0.00487546	0.1516	0.00427622	0.991	0.99162364
rs145593875	-0.2887	-0.00368891	0.1383	0.00253143	0.9782	0.9738344
rs146443541	-0.3986	0.00764786	0.2438	0.00871767	0.9966	0.99799525
rs146566663	-0.2676	0.00336203	0.1545	0.00346095	0.9891	0.986895
rs146671285	0.0306	5.03371e-05	0.0906	0.00316397	0.9683	0.9845596
rs146685861	0.2499	0.000943128	0.1958	0.00460287	0.9907	0.99256522
rs146780433	0.0934	0.000852485	0.0432	0.00100047	0.8292	0.811365
rs1468445	0.0318	-0.00127395	0.0388	0.00116949	0.8736	0.872758
rs147476185	-0.2457	-0.00317654	0.096	0.00165455	0.9634	0.9406537
rs1476698	-0.0128	-0.0021672	0.0257	0.000807598	0.6438	0.630548
rs147842655	-0.4299	-0.0111004	0.2519	0.0107957	0.9961	0.99862692
rs148093700	0.1074	0.000346769	0.054	0.000956037	0.8197	0.776942
rs148340726	-0.3193	-0.00222373	0.3493	0.00467209	0.996	0.99269719
rs148486665	-0.1702	0.00017278	0.215	0.00422882	0.9942	0.99139974
rs148509315	-0.5435	0.00522859	0.3615	0.00695882	0.9969	0.99678083
rs148538153	0.0919	-0.00067521	0.0693	0.00172213	0.9271	0.9453216
rs148631092	0.0243	-0.00092988	0.0419	0.00132527	0.9074	0.9043221
rs148945881	-0.1703	-0.000748363	0.1353	0.00317372	0.9904	0.9845625
rs149334108	0.1358	-0.000801519	0.0669	0.00206584	0.9635	0.9629862
rs149960879	-0.089	-0.00139388	0.0573	0.0020117	0.9442	0.9607457
rs150113334	-0.3151	0.00372743	0.187	0.00460516	0.9934	0.99271795
rs150393644	-0.0653	0.0022951	0.1122	0.0024079	0.9841	0.9724243
rs150546758	-0.0851	-0.00182008	0.0451	0.0013452	0.9078	0.9071809
rs150726348	-0.0325	0.00313502	0.0374	0.00115549	0.8743	0.867044
rs150955182	-0.1578	-0.00129364	0.1349	0.00317602	0.9903	0.9845966
rs151044465	-0.0983	-0.00130445	0.1295	0.00317307	0.9861	0.9846129
rs151289532	-0.0257	0.00111337	0.0551	0.00150968	0.9379	0.9274197
rs1532788	0.0138	0.003522	0.0295	0.000948614	0.7727	0.78618
rs1553473	-0.1179	-0.00397567	0.2177	0.00468756	0.9927	0.99267198
rs1567680	-0.0028	-0.001685	0.0346	0.00095914	0.7945	0.786365
rs1580908	-0.0063	0.00350767	0.031	0.000949288	0.7969	0.786518
rs1606310	0.0658	0.00167597	0.0428	0.00107701	0.8163	0.838706
rs1606311	-0.0433	-0.00296887	0.0567	0.00124649	0.8991	0.887592
rs16842449	-0.0078	-0.0018831	0.0366	0.00100115	0.8039	0.814021
rs16843590	-0.0278	-0.00161233	0.0509	0.00105593	0.8893	0.837682
rs16843642	-0.007	-0.00187984	0.0365	0.00100104	0.8021	0.813994
rs16843671	-0.0053	-0.001892	0.0358	0.00100151	0.8021	0.814142
rs16843683	-0.1017	-0.000293403	0.2227	0.00419695	0.9967	0.99127963
rs16843765	-0.0689	-0.0015575	0.047	0.00151896	0.923	0.9285466
rs17046029	0.0477	-0.00117952	0.0484	0.00118629	0.8778	0.875412
rs17046057	0.0297	0.000145536	0.0884	0.00311726	0.9477	0.9840791
rs17386555	-0.0111	-0.00153066	0.0538	0.00105441	0.8946	0.837118
rs17386695	-0.0142	-0.00164715	0.0502	0.00105486	0.8896	0.837371
rs17387035	0.0453	0.000334392	0.031	0.000970035	0.7914	0.797103
rs17453555	0.0458	0.000349789	0.0302	0.000970314	0.7926	0.797673
rs17712391	-0.0316	0.0029319	0.0364	0.00115475	0.8734	0.867968
rs17763442	-0.0329	0.00313259	0.0373	0.00115842	0.8745	0.867953
rs17763463	0.0222	-0.00095148	0.0416	0.00132868	0.9067	0.9038328
rs181894082	-0.2573	-7.24272e-05	0.2108	0.00423061	0.9902	0.99141457
rs182291171	-0.5387	0.00541994	0.376	0.0069064	0.997	0.99677194
rs182444368	-0.0793	0.00190339	0.262	0.00549653	0.9968	0.9948695
rs182833856	-0.3198	-0.00591291	0.2095	0.00521944	0.9901	0.9938864
rs183822504	-0.5478	-0.00745976	0.309	0.0103358	0.9969	0.99825771
rs185572852	-0.4322	-0.0108816	0.2553	0.0105389	0.9961	0.99862841
rs185623689	-0.0902	-0.00139505	0.2549	0.00628895	0.9967	0.99597567
rs185670915	-0.544	-0.00349223	0.3593	0.0105919	0.9964	0.99852609
rs185715070	-0.102	0.000734309	0.2664	0.00568354	0.9967	0.99512009
rs186174333	0.1058	-3.15038e-05	0.2306	0.00436538	0.9912	0.99129149
rs186474676	-0.0391	-0.00193208	0.2007	0.00373865	0.9935	0.9886921
rs186549573	0.1663	-0.00755924	0.2151	0.0104654	0.9926	0.99845195
rs1876721	-0.5003	-0.00658915	0.2619	0.00752458	0.9948	0.99729537
rs188068902	-0.0531	-0.00190116	0.219	0.00438107	0.9941	0.99150057
rs189426841	-0.2279	0.00172429	0.1583	0.00396704	0.9935	0.99000738
rs190237172	-0.07	0.00661306	0.3217	0.00743356	0.9965	0.99677787
rs190398069	0.2458	-0.00117341	0.1352	0.00374233	0.9846	0.9874584
rs190688621	-0.4143	0.0105536	0.2544	0.00815474	0.997	0.99739768
rs191156209	0.1399	0.00164647	0.1684	0.00333243	0.9892	0.9852491
rs191400991	-0.5635	0.00131154	0.3242	0.00654563	0.9968	0.99619809
rs191994647	-0.0901	-0.00180393	0.0451	0.001345	0.9064	0.9071439
rs191999584	-0.4325	-0.0105906	0.2562	0.0105349	0.9961	0.99862841
rs1971074	0.0297	0.00018969	0.0874	0.0031168	0.9479	0.9840791
rs1984598	-0.0234	-0.00122216	0.0428	0.00102616	0.852	0.825604
rs1995496	0.028	-0.00109653	0.0242	0.000781743	0.5225	0.498612
rs2005765	-0.0447	0.00281663	0.0546	0.00118842	0.9028	0.875787
rs2012385	-0.0057	0.00189896	0.0267	0.00082139	0.6809	0.657183
rs2018761	-0.0065	0.0036271	0.0305	0.000951878	0.7955	0.787014
rs2051963	-0.0244	-0.00162718	0.0522	0.00105611	0.8903	0.837808
rs2051964	-7e-04	0.00343957	0.0306	0.000936351	0.7133	0.777704
rs2055566	-0.0459	0.00240166	0.0564	0.00123748	0.9064	0.885992
rs2055567	0.0968	0.000935778	0.045	0.000948931	0.8073	0.781915
rs2055568	-0.0103	0.00241186	0.0272	0.000860737	0.6898	0.713896
rs2074771	0.0026	-0.000596977	0.0428	0.00125748	0.908	0.892528
rs2074774	0.0314	-0.000340547	0.0284	0.000811597	0.6435	0.63862
rs2074775	0.03	-0.000448445	0.0287	0.000808107	0.6743	0.631894
rs2074776	-0.0849	-0.00180396	0.045	0.00134494	0.9065	0.9071394
rs2102451	0.0711	-0.00104584	0.0592	0.00161731	0.9504	0.938299
rs2108330	0.0162	0.00354714	0.0294	0.000948687	0.7724	0.786264
rs2111884	0.0088	0.00208754	0.034	0.00096714	0.813	0.796413
rs2136264	0.0233	-0.00104024	0.0261	0.000829144	0.6601	0.665815
rs2160943	0.011	0.00024182	0.0287	0.000810546	0.6094	0.637318
rs2174276	0.1305	0.00132528	0.0463	0.00121721	0.8391	0.883874
rs2174277	0.1201	0.00129108	0.0455	0.00121721	0.8371	0.883877
rs2227981	0.0253	0.000289958	0.0366	0.000788794	0.695	0.574029
rs2240479	-0.0851	-0.00176199	0.0451	0.00134435	0.9064	0.907092
rs2240480	-0.0064	0.00359222	0.0303	0.000950596	0.7959	0.786785
rs2240482	-0.0249	-0.00164604	0.0316	0.000946864	0.772	0.78377
rs2271030	0.0316	-0.000388224	0.0266	0.000806749	0.6407	0.629352
rs2279845	0.0323	-0.000412525	0.0264	0.000807125	0.6387	0.629268
rs2279846	0.0318	-0.000410654	0.0265	0.000807011	0.6387	0.629305
rs2286278	0.0048	0.0034986	0.0311	0.000949197	0.7714	0.786358
rs2286279	-0.0133	0.00353881	0.0321	0.000950347	0.8023	0.786939
rs2302010	-0.0206	-0.00160404	0.0348	0.000948904	0.785	0.784437
rs2302011	-0.0036	-0.00166939	0.03	0.000874027	0.6957	0.720691
rs2302012	-0.0027	-0.00167826	0.0281	0.00082997	0.6186	0.663653
rs2303287	0.0097	0.0021166	0.0347	0.000966972	0.8137	0.796245
rs2339938	0.0197	-0.000403203	0.028	0.000911098	0.7511	0.75685
rs2339940	0.0068	0.000708228	0.0242	0.000783836	0.5311	0.530061
rs2379194	0.0997	-9.77198e-05	0.0681	0.00145978	0.9428	0.9227088
rs2379199	0.0149	0.00344128	0.0294	0.000935461	0.7694	0.777707
rs28386824	-0.0066	-0.00189904	0.0365	0.000999442	0.7988	0.813144
rs28433874	0.4654	0.00502227	0.0366	0.000941515	0.712	0.778435
rs28446330	0.0199	-0.000733291	0.0462	0.00128378	0.9133	0.896456
rs28528975	0.1667	0.000477803	0.0284	0.000884652	0.7043	0.727926
rs28605921	-0.3477	-0.0062024	0.0259	0.000778882	0.4956	0.491066
rs28631456	-0.3488	-0.00618498	0.026	0.000778909	0.4924	0.491099
rs28648882	0.0304	0.000396141	0.0286	0.000934513	0.7627	0.77565
rs2952789	0.0134	0.000299076	0.0476	0.00125569	0.8348	0.886329
rs3088337	0.042	0.000411582	0.0431	0.00124983	0.9005	0.890375
rs3203	0.0072	0.000453815	0.0247	0.000784616	0.5372	0.533801
rs3204	0.0018	0.000927552	0.0253	0.000786886	0.4657	0.459632
rs33920609	0.0478	0.000372311	0.0303	0.000971312	0.7891	0.797535
rs33926913	0.0457	8.59424e-05	0.0922	0.00316122	0.9687	0.9845403
rs33961871	0.0471	0.000348597	0.0306	0.000970701	0.7925	0.797631
rs34006413	-0.025	-0.00202966	0.0288	0.000800712	0.6167	0.614526
rs34018329	0.0062	-0.00226169	0.0447	0.00111108	0.849	0.856425
rs34029771	0.1187	0.0011995	0.052	0.00121986	0.8701	0.884614
rs34106717	-0.0717	-0.00111498	0.0256	0.000848333	0.3595	0.306843
rs34119918	0.0863	0.00333927	0.0287	0.00080927	0.5255	0.54713
rs34123564	0	-0.00132176	0.0416	0.00117036	0.8983	0.873161
rs34185831	-0.4299	-0.0112486	0.2512	0.0108012	0.9961	0.99862248
rs34227388	-0.0084	-0.00135018	0.0414	0.00113453	0.8897	0.861622
rs34255800	0.6938	0.00843456	0.0546	0.00108956	0.837	0.847798
rs34329027	0.0306	0.000399023	0.0286	0.000936529	0.7626	0.776014
rs34357414	0.007	-0.00223767	0.0447	0.00111113	0.85	0.85645
rs34393556	0.1141	-0.00029605	0.0567	0.00137747	0.8931	0.9121765
rs34463217	0.1125	0.00354614	0.0422	0.000793234	0.6346	0.590504
rs34505866	0.0303	-0.000363907	0.0264	0.000805933	0.6375	0.628463
rs34506685	-0.0051	-0.00159705	0.0296	0.000947433	0.7457	0.783334
rs34599516	-0.0229	-0.00228318	0.0514	0.00129609	0.8966	0.897426
rs34686340	0.0034	0.00103208	0.0249	0.000784987	0.4581	0.457518
rs34744507	0.1018	0.00364284	0.0377	0.000791619	0.6311	0.58585
rs34751932	-0.0599	0.00106613	0.0552	0.0010906	0.8651	0.84341
rs34762429	-0.3754	-0.00647963	0.0281	0.000781054	0.5324	0.488783
rs34795686	0.1134	0.00177934	0.0534	0.00129764	0.8794	0.898142
rs34812841	-0.0719	-0.00112581	0.0257	0.000848644	0.3592	0.30688
rs34824551	0.1225	0.00113547	0.0539	0.0012229	0.879	0.884825
rs34851948	0.1022	0.00119282	0.043	0.00121845	0.8226	0.883936
rs34882686	0.0307	0.000451514	0.0302	0.000934594	0.7652	0.775681
rs35026939	1.5332	-0.0130096	0.6062	0.0121088	0.9988	0.99889828
rs35064954	0.1854	0.00341809	0.0807	0.00197632	0.9444	0.9567331
rs35066097	0.1179	0.00122269	0.055	0.00123667	0.8808	0.886914
rs35172632	-0.0091	-0.00153215	0.0295	0.000952068	0.7537	0.785625
rs35218641	0.3345	9.62484e-05	0.0511	0.000888908	0.8146	0.727456
rs35235166	0.3386	0.00226129	0.0291	0.000821399	0.6489	0.655567
rs35249316	0.0921	0.0034111	0.0351	0.000811697	0.6331	0.60229
rs35256094	-0.02	-0.00139091	0.0453	0.00105101	0.8896	0.835456
rs35269447	-0.0939	0.00318568	0.1156	0.00239286	0.983	0.9723976
rs35307963	0.1315	0.00187459	0.0485	0.00129465	0.8436	0.897517
rs35319025	0.0045	-0.00133044	0.043	0.00117063	0.9024	0.873197
rs35320439	0.2703	0.00326131	0.0257	0.000842543	0.6833	0.690141
rs35350837	-0.4435	-0.00653862	0.0329	0.000782366	0.572	0.490863
rs35366765	0.1024	0.00364206	0.0374	0.000791603	0.6287	0.585869
rs35393467	-0.1144	0.0033799	0.1055	0.00179111	0.9634	0.949042
rs35405610	0.0392	0.000570371	0.03	0.000977996	0.7954	0.801555
rs35416898	0.1009	0.00127231	0.0425	0.00121469	0.8228	0.88356
rs35436373	0.0067	-0.00223732	0.0447	0.00111112	0.8505	0.85645
rs35454440	0.1307	0.00185123	0.0481	0.00129415	0.8403	0.897466
rs35496488	-0.0241	-0.0013841	0.045	0.00105093	0.8854	0.83547
rs35548094	-0.0033	-0.00167497	0.0278	0.000959298	0.7459	0.784857
rs35602166	-0.2115	0.00184864	0.1671	0.00403959	0.9841	0.99061978
rs35606623	0.2786	0.000733477	0.2	0.00464439	0.9911	0.99264381
rs35614125	0.0307	0.000461289	0.0303	0.000934749	0.7652	0.775744
rs35650772	-0.0641	0.000348838	0.0829	0.00263683	0.9708	0.9773457
rs35654218	0.1844	-0.000206053	0.0983	0.00145499	0.9621	0.920673
rs35715487	-0.5691	-0.00157301	0.041	0.00082378	0.459	0.34432
rs35736498	0.0947	0.00354855	0.0325	0.000782969	0.5658	0.541441
rs35743491	0.0464	0.000347023	0.0305	0.000970425	0.7925	0.797628
rs35781149	-0.0672	-0.00164904	0.095	0.00213971	0.9477	0.9643979
rs35804074	0.028	-0.00301107	0.0907	0.0019217	0.9676	0.9572137
rs35853722	0.0056	-0.00223683	0.0453	0.00111116	0.8505	0.856433
rs35917093	0.0601	0.00176286	0.0579	0.00154787	0.9117	0.9320194
rs35923607	0.1007	0.00130887	0.0426	0.00121798	0.8233	0.884077
rs35933493	0.0191	-9.40496e-05	0.0254	0.000780772	0.5456	0.526212
rs35964352	0.3108	0.00219563	0.0281	0.000810049	0.649	0.635183
rs35967683	-0.0419	-0.00191845	0.0314	0.000838282	0.6953	0.669695
rs35971633	0.1034	-0.000819779	0.0659	0.00140341	0.9378	0.9157649
rs35992251	0.0038	-0.00234094	0.0434	0.0011124	0.8517	0.856832
rs36011793	0.0306	0.000405616	0.0286	0.000936867	0.7626	0.776094
rs36052574	0.0092	0.00209656	0.0347	0.00096695	0.8128	0.796387
rs36058918	0.0363	0.00142867	0.0609	0.00178891	0.9368	0.9500117
rs3731620	0.0021	-0.00215517	0.0422	0.0011105	0.8552	0.856313
rs3732276	0.0023	-0.000573393	0.043	0.00125812	0.9081	0.892577
rs3749158	0.3188	0.000326184	0.0499	0.00088282	0.803	0.728215
rs3755395	0.0035	-0.00182907	0.0359	0.00100093	0.8048	0.814002
rs3755400	-0.0056	-0.00189258	0.0356	0.00100155	0.8016	0.81415
rs3769665	0.0035	-0.00233557	0.0439	0.0011122	0.8529	0.856797
rs3769667	0.0044	-0.00231041	0.0428	0.0011117	0.8524	0.856557
rs3771547	-0.0322	-0.00106182	0.0328	0.000989956	0.82	0.8081
rs3771550	0.003	-0.00181042	0.0359	0.0009985	0.8006	0.812648
rs3771551	-0.082	-0.00177776	0.0452	0.00134559	0.9047	0.9071898
rs3771553	0.0132	0.0034811	0.0296	0.000948748	0.7696	0.786212
rs3771555	-0.0062	-0.00197734	0.0269	0.000811089	0.6503	0.638537
rs3771557	0.0138	0.00352913	0.0296	0.000948846	0.7728	0.786269
rs3771559	-0.0047	-0.000560707	0.0257	0.000788358	0.5768	0.575254
rs3771561	-0.0071	-0.00189126	0.0365	0.000999383	0.7995	0.813134
rs3771564	-0.0194	-0.00160451	0.0524	0.0010553	0.8896	0.837583
rs3771566	-0.0077	-0.00187364	0.0365	0.00100109	0.8025	0.813996
rs3771567	-0.0074	-0.00190309	0.0365	0.000999496	0.7994	0.813155
rs3771568	-0.085	-0.0020021	0.045	0.00134273	0.9064	0.9067895
rs3771569	-0.0053	-0.00191207	0.0355	0.000999839	0.7985	0.813275
rs3771570	-0.0153	-0.00164111	0.05	0.00105488	0.8891	0.837382
rs3771573	-0.0088	-0.00188806	0.0354	0.00100151	0.7999	0.814136
rs3771576	0.012	0.00346106	0.0286	0.000935405	0.7709	0.777662
rs3771577	-0.0087	-0.00138672	0.0356	0.000878221	0.8009	0.729958
rs3771578	-0.0042	-0.00142237	0.0355	0.000877969	0.8007	0.729842
rs3771581	0.0444	0.0118272	0.1176	0.00649983	0.9652	0.99638344
rs3771582	-0.0697	-0.00158823	0.0476	0.00151838	0.9219	0.9285377
rs3771583	-0.0698	-0.00159713	0.0475	0.00151769	0.9239	0.9284621
rs3771584	-0.0285	-0.00165357	0.0324	0.000950206	0.7668	0.784789
rs3771585	-0.0171	-0.000982135	0.0386	0.00103881	0.849	0.831051
rs3771586	0.0292	-0.000338998	0.027	0.000806107	0.6387	0.628513
rs3771587	-0.03	-0.00125733	0.0459	0.00104799	0.8866	0.83474
rs3771588	0.0076	-0.000759678	0.0257	0.000784111	0.5604	0.556993
rs3771590	0.0322	-0.000576684	0.0284	0.000809186	0.6851	0.633688
rs3815262	-0.0065	-0.00122547	0.0442	0.00102553	0.8516	0.825412
rs3821280	-0.082	-0.00177396	0.0452	0.00134545	0.9049	0.9071883
rs3821281	-0.0062	-0.00188948	0.0355	0.0010015	0.8016	0.814131
rs3821285	-0.0129	-0.00106142	0.0373	0.00103845	0.8482	0.830911
rs4011486	0.0714	0.000434651	0.0527	0.0012799	0.8744	0.896181
rs4075818	-0.0235	-0.00130945	0.045	0.00104809	0.8872	0.834564
rs41266959	-0.0303	-0.00163204	0.0506	0.0010561	0.8876	0.837839
rs41266961	-0.0704	-0.00157326	0.048	0.00151871	0.9254	0.9285526
rs41342147	1e-04	-0.001324	0.0419	0.00117026	0.8992	0.873192
rs4149371	0.0336	0.00120899	0.0611	0.00179658	0.9387	0.9503142
rs4149372	0.0084	0.000296196	0.0304	0.000818579	0.6599	0.652813
rs4149373	0.0127	0.00207728	0.0346	0.000970401	0.7985	0.796556
rs4234096	0.5022	0.00811124	0.0391	0.000807026	0.5687	0.576097
rs4234098	0.0852	0.00407936	0.03	0.000818887	0.5233	0.451208
rs4234099	0.0902	-0.00409638	0.0305	0.000818903	0.5076	0.548906
rs4234100	0.0322	0.00272453	0.0243	0.000785671	0.535	0.561648
rs4254498	-0.0076	-0.00186244	0.0365	0.00100129	0.8021	0.814
rs4270307	0.0486	-0.000914472	0.0478	0.001177	0.878	0.874355
rs4303713	0.0323	0.00268449	0.0244	0.000785696	0.5351	0.561708
rs4309607	-0.0447	-0.00289302	0.0555	0.00124642	0.8914	0.887246
rs4346380	-0.0305	-0.00165833	0.0503	0.00105587	0.8868	0.837763
rs437022	0.0304	-0.000362583	0.0266	0.000805811	0.6385	0.628464
rs4378801	0.0394	0.0120338	0.1139	0.00651179	0.9654	0.99638344
rs4381775	0.0449	6.72702e-05	0.0553	0.00129705	0.912	0.899322
rs4386354	-0.0461	1.77587e-06	0.0369	0.000795547	0.4779	0.44646
rs4425107	0.0883	0.00396971	0.0335	0.000812846	0.6237	0.583815
rs4428044	0.1138	0.00343649	0.0306	0.000809217	0.4727	0.538064
rs4436950	0.0283	0.0107123	0.1095	0.00644509	0.9622	0.9963182
rs4441512	-0.0034	-0.001878	0.0442	0.000791993	0.439	0.415554
rs4443030	0.4937	0.00601703	0.0478	0.000892062	0.716	0.741759
rs4488659	-0.0053	0.00357299	0.0308	0.000949464	0.7997	0.786681
rs4496329	-0.1752	0.000790345	0.2446	0.00605642	0.9952	0.99532472
rs4521037	0.1294	0.00137824	0.0452	0.00121641	0.8322	0.883576
rs4538241	0.4635	0.00861111	0.0364	0.000808019	0.6068	0.63166
rs4571087	0.0171	0.000116778	0.0434	0.000793304	0.6984	0.585418
rs4596012	0.0301	0.000376497	0.038	0.000788877	0.6868	0.573867
rs4608475	-0.0893	-0.00140316	0.0572	0.00201273	0.944	0.9607887
rs4633921	-0.0015	-0.00121474	0.0305	0.000941184	0.7158	0.777483
rs4665651	-0.0115	0.000640336	0.0263	0.000786337	0.446	0.450239
rs4665652	0.0069	0.000702926	0.0241	0.000783099	0.5316	0.530074
rs4665653	0.0074	0.000433329	0.025	0.000784101	0.5338	0.533768
rs4665654	-0.3121	0.0039519	0.1812	0.00458036	0.9933	0.992647
rs4665656	0.0169	0.000201469	0.0273	0.00079636	0.4528	0.427322
rs4675803	0.1097	0.00121958	0.0447	0.00121737	0.8338	0.883945
rs4675806	0.1234	0.0018983	0.0443	0.00124167	0.8216	0.888186
rs4675807	0.062	0.000118796	0.0444	0.000999581	0.7651	0.812354
rs4675808	0.0678	0.000419279	0.0517	0.00127893	0.8737	0.89611
rs4675809	0.1129	8.48534e-05	0.0581	0.00141876	0.9003	0.91735
rs4675810	-0.0075	0.00359838	0.031	0.000953624	0.7945	0.787264
rs4675811	-0.0161	-0.0010107	0.0381	0.00103865	0.8482	0.830974
rs4675812	-0.0104	0.00146896	0.0257	0.000791275	0.5901	0.588049
rs4675813	0.0117	0.00345134	0.0287	0.000935442	0.771	0.777762
rs4675814	-0.0062	0.00361159	0.0303	0.000949142	0.7973	0.786687
rs4675894	0.1132	0.00343198	0.0375	0.000784009	0.5638	0.547758
rs4675939	0.0851	-0.000169214	0.0398	0.00101589	0.7357	0.817228
rs4675940	0.1227	0.00537383	0.1007	0.00520936	0.952	0.99432976
rs4675941	0.0488	0.0121796	0.1111	0.00651419	0.9645	0.99638344
rs4675944	-0.0116	-0.000974942	0.0381	0.00103902	0.8519	0.830951
rs4675945	0.0306	-0.00035363	0.0264	0.000806085	0.6375	0.628408
rs4675946	0.0452	0.0120916	0.1121	0.00650338	0.9646	0.99638344
rs4675947	0.0299	-0.000366847	0.0265	0.00080603	0.6376	0.628448
rs4675950	0.0387	0.0120673	0.1155	0.00650233	0.9658	0.99638344
rs4675951	0.0428	0.0120418	0.1159	0.0065015	0.9654	0.99638344
rs4675954	0.025	-0.000536867	0.0399	0.00112601	0.8013	0.859474
rs4675955	0.0165	0.0034552	0.029	0.000922611	0.7574	0.76834
rs4675958	0.0113	0.00343485	0.0292	0.000935538	0.7608	0.777814
rs4675963	-0.0053	-0.0010858	0.0444	0.00103075	0.8522	0.826003
rs4675964	-7e-04	-0.00110457	0.0459	0.00103078	0.8561	0.826011
rs4675965	0.0112	0.00356719	0.0292	0.000948648	0.771	0.786152
rs4675966	0.0255	0.00257252	0.0243	0.000783833	0.5269	0.555949
rs4675967	-0.008	0.00353751	0.0321	0.000950283	0.8088	0.787138
rs4675968	0.0358	0.00282536	0.025	0.000787394	0.5427	0.569382
rs4675969	-0.0314	-0.00118415	0.0436	0.00102383	0.8491	0.824498
rs4853804	-0.0041	-0.0016934	0.0317	0.00095848	0.7738	0.785991
rs4853805	-0.0023	-0.0016803	0.0305	0.000958053	0.7648	0.785803
rs4853806	-0.0034	-0.00166682	0.0284	0.000958844	0.7446	0.784955
rs55634485	-0.0317	-0.00162107	0.0505	0.00105596	0.8871	0.837845
rs55645375	-0.0314	-0.00162104	0.0505	0.00105596	0.887	0.837845
rs55659209	-0.0232	-0.00192639	0.0281	0.000802642	0.6238	0.619274
rs55691540	-0.0262	0.00110593	0.055	0.00150897	0.9396	0.927356
rs55751610	-0.0215	-0.00161963	0.0516	0.00105573	0.8907	0.837664
rs55764424	-0.0303	-0.00130194	0.045	0.00104775	0.8833	0.834685
rs55773155	-0.0331	0.00312518	0.0377	0.00115834	0.8763	0.867896
rs55788848	0.0073	0.00219927	0.032	0.000966638	0.8155	0.796111
rs55798913	-0.0196	-0.00117978	0.0553	0.00102089	0.8583	0.818431
rs55811034	-0.0302	-0.00127025	0.0461	0.00104804	0.8869	0.83475
rs55812424	-0.0069	-0.00188633	0.0354	0.00100182	0.801	0.814153
rs55821292	0.0289	0.00266617	0.0256	0.000786335	0.5085	0.561943
rs55868657	0.0092	0.00210832	0.0341	0.000967014	0.8102	0.796377
rs55918461	-0.0346	-0.00159648	0.0502	0.00105381	0.8834	0.836924
rs55990413	0.0036	-0.00189366	0.036	0.000999801	0.7924	0.81325
rs56036119	0.0369	-7.69796e-05	0.0415	0.00118382	0.8928	0.875754
rs56052835	-0.0313	-0.0016521	0.0501	0.0010533	0.8844	0.836783
rs56057909	-0.0158	-0.00151933	0.0346	0.000938129	0.7759	0.776808
rs56061376	-0.0229	-0.00190158	0.0281	0.000802577	0.6243	0.619348
rs56068891	-0.0294	0.00280563	0.0364	0.00114617	0.8694	0.865612
rs56107857	-0.0049	-0.00191277	0.0356	0.000999837	0.7983	0.813285
rs56119801	0.0214	-0.000599955	0.0505	0.00130336	0.8311	0.9005009
rs56129392	-0.0315	-0.00165525	0.0501	0.00105333	0.8844	0.836783
rs56189707	0.0435	-3.20987e-05	0.0422	0.00117185	0.8753	0.872635
rs56222556	-0.0209	-0.00163107	0.0525	0.00105545	0.8909	0.837626
rs56326157	0.007	0.00193306	0.0356	0.000964179	0.8139	0.794443
rs56352948	-0.0053	-0.00189242	0.0358	0.00100151	0.8021	0.814142
rs56353567	0.0053	-0.00182981	0.0359	0.00100105	0.8045	0.814007
rs56363214	-0.0346	-0.00159658	0.0502	0.00105381	0.8834	0.836924
rs56383420	-0.0354	-0.00156712	0.0506	0.00105361	0.8833	0.836758
rs56390510	0.0045	-0.00185558	0.0356	0.000999302	0.8014	0.813109
rs56392651	-0.0313	0.00312566	0.0372	0.00115848	0.8746	0.867912
rs56663202	0.003	-0.00178249	0.0357	0.000999152	0.8015	0.812892
rs56697150	-0.0043	-0.00157564	0.03	0.000946908	0.7516	0.783401
rs56869331	0.1032	0.000783639	0.0467	0.000947712	0.8051	0.778531
rs56882309	-0.0182	-0.00145574	0.0342	0.000949633	0.787	0.783101
rs56952675	0.0374	0.00141054	0.0613	0.00180209	0.939	0.9500859
rs57196672	-0.0359	-0.00154371	0.0502	0.00105585	0.885	0.837713
rs57440439	-0.2439	-0.0021365	0.1431	0.00302238	0.9851	0.9829655
rs57576464	0.0053	-0.00187999	0.0368	0.000995684	0.8002	0.811399
rs57696929	-0.0054	-0.00191423	0.0356	0.000999812	0.7984	0.813272
rs58050682	0.0374	0.00139397	0.0613	0.00180398	0.939	0.9501303
rs58226367	-0.0219	-0.00194899	0.0283	0.000802516	0.6242	0.619201
rs58771961	0.0031	-0.00186343	0.0357	0.000999349	0.8016	0.813184
rs59065053	-0.0246	-0.00202839	0.0288	0.000800706	0.6173	0.614569
rs59104589	-0.018	-0.00241287	0.0281	0.000811533	0.6766	0.639788
rs59126600	0.0315	0.00040873	0.0284	0.000934437	0.7628	0.775658
rs59196510	-0.2652	-0.00538417	0.1482	0.00428014	0.9916	0.99162068
rs59470161	-0.2556	-0.00501536	0.146	0.00427638	0.9912	0.99161919
rs59487360	0.0015	-0.00181584	0.0357	0.00100084	0.8015	0.813926
rs59496049	-0.0213	-0.00125752	0.0439	0.00104672	0.8566	0.834211
rs59536819	-0.031	-0.00165152	0.0506	0.00105575	0.8874	0.837743
rs59715783	-0.02	-0.00167457	0.0522	0.00105549	0.8904	0.837608
rs59916403	-0.0075	-0.00203689	0.0274	0.000815401	0.6538	0.647105
rs59932381	-0.0236	-0.00181254	0.0347	0.00104912	0.8177	0.834429
rs60132543	-0.0062	-0.00189353	0.0366	0.000999388	0.7998	0.813159
rs60178325	0.0027	-0.00182344	0.0359	0.00100074	0.803	0.813953
rs60209440	-0.0308	-0.00160998	0.0503	0.00105601	0.8867	0.837848
rs60214954	-0.2707	-0.00526639	0.1496	0.00427953	0.9917	0.99161771
rs60368538	-0.2561	-0.00491584	0.1513	0.00427603	0.991	0.99162216
rs60604866	-0.0207	-0.00163027	0.0523	0.00105551	0.8903	0.837629
rs60614486	0.0119	-0.00181634	0.0365	0.00100086	0.8075	0.813921
rs60624480	-0.0054	-0.00196226	0.0258	0.000811014	0.6528	0.638549
rs60890112	-0.0328	-0.00212648	0.0293	0.000802297	0.6521	0.613056
rs60988810	-0.0011	-0.00157564	0.0303	0.000946908	0.7537	0.783401
rs61188932	0.0502	-0.000839067	0.0472	0.00117641	0.8767	0.87415
rs61615527	-0.0068	-0.00189098	0.0366	0.000999397	0.7979	0.813156
rs61689231	0.0035	-0.00187231	0.0364	0.000995679	0.8013	0.811404
rs61739702	-0.0674	-0.000371633	0.0789	0.00264056	0.9714	0.9776467
rs61742149	0.089	-0.00101008	0.0785	0.00124635	0.9328	0.890016
rs62114505	-0.0096	4.95289e-05	0.0268	0.00081654	0.6707	0.649871
rs62114506	-0.012	-0.00017797	0.0319	0.000884294	0.7229	0.736808
rs62186396	-0.0353	-0.00156322	0.0505	0.00105354	0.8833	0.836751
rs62186397	-0.0246	-0.00200137	0.0287	0.000800615	0.6172	0.614363
rs62186399	0.0047	-0.00192766	0.0369	0.000995408	0.8022	0.81127
rs62186400	-0.0347	-0.00159663	0.0503	0.00105382	0.8834	0.836924
rs62186404	-0.0344	-0.00160606	0.0502	0.00105383	0.8835	0.836946
rs62186405	-0.0219	-0.00197212	0.0282	0.000802534	0.6242	0.619029
rs62186406	-0.0218	-0.00194863	0.0282	0.000802503	0.6242	0.619204
rs62186408	-0.0218	-0.00194786	0.0281	0.000802515	0.6241	0.619201
rs62186409	0.003	-0.00194509	0.0369	0.00099555	0.8045	0.811291
rs62186410	-0.0218	-0.00194575	0.0281	0.000802512	0.6241	0.619197
rs62186411	-0.0337	-0.00160435	0.05	0.00105362	0.8837	0.836857
rs62186418	0.2518	-0.00347959	0.1163	0.0032303	0.9825	0.9833704
rs62186419	-0.0228	-0.00190392	0.0281	0.000802629	0.6244	0.619355
rs62186420	-0.0227	-0.00190429	0.0281	0.000802627	0.6243	0.619355
rs62186421	-0.0228	-0.00190228	0.0281	0.000802606	0.6241	0.619346
rs62186422	-0.0308	-0.00165454	0.0501	0.00105342	0.8846	0.836792
rs62186431	-0.0302	-0.00162245	0.0501	0.00105356	0.885	0.836823
rs62186433	-0.0311	-0.00164869	0.0504	0.00105598	0.8865	0.837799
rs62190361	-0.0077	-0.0019039	0.0364	0.00100006	0.7992	0.813327
rs62190362	-0.0077	-0.00186352	0.0364	0.00100091	0.7992	0.813471
rs62190365	-0.0165	-0.00164772	0.0517	0.00105485	0.8907	0.837397
rs62190366	1e-04	-0.00190993	0.038	0.000999834	0.8066	0.813279
rs62190367	-0.0165	-0.0016412	0.0517	0.00105477	0.8907	0.837366
rs62190370	-0.0151	-0.00163961	0.05	0.00105489	0.8894	0.837382
rs62190373	-0.014	-0.00165425	0.0499	0.00105597	0.8896	0.837674
rs62190378	0.0141	-0.00191471	0.0386	0.000994923	0.8413	0.810295
rs62190404	-0.0247	-0.00164375	0.0317	0.000946941	0.772	0.783785
rs62190407	-0.0172	-0.000975522	0.0381	0.00103876	0.8485	0.831066
rs62190410	-0.0297	-0.0013154	0.0459	0.00104778	0.8866	0.834644
rs62190411	-0.0052	-0.00159103	0.0296	0.00094665	0.7466	0.783514
rs62190413	-0.0249	-0.00130884	0.0452	0.00104777	0.8869	0.83462
rs62190414	-0.0247	-0.00163239	0.0312	0.000947074	0.7725	0.783754
rs62190415	-0.0245	-0.00131303	0.0441	0.00104774	0.8836	0.834569
rs62190416	0.0697	-7.32766e-05	0.0812	0.00182838	0.9498	0.9515761
rs62190456	-0.0198	-0.00140621	0.0452	0.0010522	0.8893	0.835615
rs62190458	-0.0341	-0.002426	0.0266	0.000789621	0.5636	0.561148
rs62191304	0.1126	0.00353516	0.0421	0.000793328	0.6351	0.590519
rs62191305	0.1107	0.00361302	0.0421	0.000793284	0.6342	0.590556
rs62191309	0.111	0.00356046	0.0412	0.000793736	0.6322	0.591882
rs62191661	-0.0146	0.000758235	0.0326	0.000831021	0.4	0.338709
rs62191662	-0.01	0.000941044	0.0319	0.000826429	0.41	0.345312
rs62191663	0.1114	-0.000349163	0.0579	0.00137912	0.8994	0.9123411
rs62191665	0.1121	-0.000298092	0.058	0.00137826	0.8977	0.9122373
rs62191667	0.0965	-0.000116061	0.0683	0.00145979	0.9437	0.9227296
rs62191669	0.0262	-6.58152e-05	0.0496	0.00128619	0.8256	0.897479
rs62191672	0.0617	0.000136533	0.045	0.00100179	0.761	0.812419
rs62191673	0.0855	0.000470866	0.0655	0.00139724	0.9393	0.9146468
rs62191676	0.089	0.000431752	0.0739	0.00139664	0.9462	0.9146068
rs62191677	0.0873	0.00043901	0.0663	0.00139924	0.9407	0.914586
rs62191715	0.1083	0.000814545	0.0568	0.00130226	0.8822	0.899131
rs62191727	0.1578	0.00109969	0.0564	0.00107553	0.8221	0.835914
rs62191961	-0.1831	-0.00294803	0.0486	0.00081928	0.7125	0.581154
rs62193062	0.4679	0.00795143	0.0365	0.00106017	0.7341	0.837308
rs62193063	0.6197	0.0080449	0.0479	0.00106286	0.8128	0.838231
rs62193064	0.6183	0.00804764	0.048	0.00106287	0.8137	0.838232
rs62193065	0.6191	0.00840603	0.0481	0.00107384	0.8125	0.84147
rs62193066	0.6263	0.00840241	0.0487	0.00107342	0.8167	0.841478
rs62193067	0.4936	0.0082458	0.0399	0.00107191	0.7727	0.840935
rs62193068	0.3981	0.00368552	0.0309	0.000861389	0.6661	0.709319
rs62193069	0.6003	0.00803798	0.0472	0.00106266	0.8117	0.838186
rs62193070	0.6112	0.00802927	0.048	0.00106285	0.8149	0.838235
rs62193071	0.6133	0.00804419	0.0482	0.00106277	0.8156	0.83822
rs62193072	0.6082	0.00806758	0.0479	0.0010623	0.8145	0.838081
rs62193073	0.3363	0.00223001	0.029	0.000821357	0.6511	0.655595
rs62193075	0.4394	0.00480193	0.0357	0.000952845	0.7238	0.785956
rs62193076	0.4437	0.00479586	0.0362	0.000952862	0.7289	0.786009
rs62193077	0.4403	0.00475513	0.0357	0.000945667	0.7172	0.781442
rs62193079	0.5597	0.0075034	0.0463	0.00108142	0.8178	0.845366
rs62193080	0.5864	0.00715711	0.0481	0.00103725	0.8132	0.825787
rs62193087	0.3053	0.000300714	0.0464	0.000884933	0.807	0.728772
rs62193128	-0.224	-0.00211539	0.047	0.000809411	0.6976	0.633731
rs62193132	-0.0047	-0.00124236	0.0343	0.00078401	0.5097	0.545515
rs62193136	-0.0274	-0.000852502	0.0333	0.000788392	0.46	0.433023
rs62193162	-0.0071	-0.00199303	0.0255	0.000811052	0.6541	0.638873
rs62193165	-0.0266	-0.00124064	0.0427	0.0010262	0.8518	0.825716
rs62193171	-0.0305	-0.00159966	0.0506	0.00105529	0.8876	0.837452
rs62193172	0.0042	-0.00180902	0.0357	0.00100081	0.8028	0.813884
rs62193175	-0.0296	-0.00162086	0.0509	0.00105615	0.8882	0.837811
rs62193197	-0.0282	-0.00162695	0.0508	0.00105607	0.8893	0.837734
rs62193199	-0.0278	-0.00161046	0.0509	0.00105593	0.8892	0.837679
rs62193201	0.0045	-0.00182926	0.0372	0.00100072	0.8094	0.813936
rs62193202	-0.0276	-0.001621	0.051	0.00105593	0.8896	0.83768
rs62193204	-0.0243	-0.00161279	0.0517	0.00105589	0.8896	0.837637
rs62193205	-0.0258	-0.00161039	0.0519	0.00105593	0.8897	0.837655
rs62193207	-0.0243	-0.00160205	0.0517	0.00105595	0.8896	0.837667
rs62193208	-0.0241	-0.00162121	0.0517	0.00105591	0.8897	0.837649
rs62193209	-0.0475	-0.00165634	0.0576	0.00105657	0.9071	0.837725
rs62193210	-0.0242	-0.0016208	0.0517	0.00105591	0.8897	0.837651
rs62193211	-0.0268	-0.00161892	0.0517	0.00105591	0.8857	0.837649
rs62193213	-0.0239	-0.00161602	0.0516	0.00105575	0.8897	0.837624
rs62193216	-0.01	-0.00186999	0.0367	0.00100115	0.8001	0.814022
rs62193220	-0.0071	-0.00189085	0.0365	0.000999397	0.7995	0.813136
rs62193221	-0.0221	-0.00161932	0.0524	0.0010544	0.8889	0.837325
rs62193255	-0.0217	-0.00162958	0.0525	0.00105545	0.8906	0.837627
rs62193256	-0.0217	-0.00166404	0.0525	0.00105531	0.8906	0.837544
rs6437254	-0.0084	0.00354498	0.0325	0.000950267	0.8113	0.787105
rs6437255	-0.0072	0.0035322	0.0322	0.000950209	0.8095	0.787041
rs6437257	-0.0079	-0.00198285	0.0266	0.000810993	0.6619	0.638739
rs6437259	0.0144	0.00344885	0.0295	0.000935467	0.7699	0.777697
rs6437262	0.076	0.000912909	0.0393	0.00112654	0.7838	0.860775
rs6437263	-0.0458	-9.42088e-05	0.0655	0.00245091	0.9633	0.9739634
rs6437280	0.1094	0.00357129	0.0403	0.000793767	0.6306	0.591889
rs6437281	0.1085	0.00356274	0.04	0.000793748	0.6297	0.591824
rs6437286	0.0799	0.00375658	0.0277	0.000803493	0.5526	0.541578
rs6545222	0.0193	-0.000373165	0.028	0.000910924	0.751	0.756607
rs6545264	0.008	0.000294127	0.0304	0.000818609	0.6592	0.652818
rs6545266	0.0069	-0.00227916	0.0451	0.00111332	0.8486	0.857181
rs6545267	0.0068	-0.00227782	0.045	0.00111332	0.8496	0.857181
rs6605258	0.0263	-0.00023189	0.0429	0.000798941	0.7519	0.586596
rs66492541	0.3121	0.00232151	0.0281	0.000812834	0.6575	0.642721
rs6672	0.004	-0.00185992	0.0357	0.00099925	0.8015	0.813176
rs66924973	0.3355	0.00215878	0.0296	0.000807099	0.6235	0.618506
rs6704615	0.0336	0.00270921	0.0246	0.000786011	0.5343	0.563731
rs6705653	0.0254	0.000282606	0.0363	0.000788736	0.6956	0.574076
rs6706434	0.0513	-0.000921482	0.0478	0.00117672	0.8784	0.874315
rs6706437	0.0979	0.000910064	0.0451	0.000945357	0.8028	0.779804
rs6706691	-0.0086	0.0035661	0.0314	0.000949332	0.7868	0.786679
rs6707518	0.0109	0.00357033	0.0292	0.000948807	0.7711	0.786177
rs6707874	0.4156	0.00854861	0.0317	0.000809102	0.5798	0.630838
rs6707883	0.0296	-0.000363303	0.0268	0.000805813	0.6386	0.628466
rs6708272	0.0922	0.00353447	0.0352	0.000811506	0.6332	0.602849
rs6710479	-0.0171	-0.000600416	0.0244	0.000787705	0.4067	0.442792
rs6711704	0.046	0.000378832	0.0294	0.000969843	0.7901	0.797508
rs6712206	0.0304	-0.000362697	0.0267	0.0008058	0.6387	0.628464
rs6714623	0.004	-0.00233132	0.0436	0.00111227	0.8524	0.856803
rs6714743	0.004	-0.00233503	0.0436	0.00111227	0.8524	0.856798
rs6716256	0.0037	-0.00233823	0.0434	0.00111239	0.8528	0.856834
rs6717633	-0.0232	-0.00125172	0.044	0.00104674	0.8551	0.834223
rs6718952	-0.0379	-0.0012639	0.0338	0.000979008	0.8147	0.802654
rs6720226	0.0107	0.000253724	0.029	0.000810447	0.6088	0.637247
rs6720544	0.0399	0.000664486	0.0398	0.00115137	0.832	0.86572
rs6723363	-0.0474	0.00338506	0.044	0.00102502	0.8667	0.824187
rs6724088	0.0148	0.0034429	0.0296	0.000935469	0.7686	0.777599
rs6724257	-0.0246	-0.00201069	0.0287	0.000800611	0.6172	0.61434
rs6728083	0.0138	0.00351278	0.0296	0.000948528	0.7729	0.786165
rs6728930	0.0037	-0.00233726	0.0436	0.00111227	0.8529	0.856798
rs6729231	-0.0058	-0.0026772	0.047	0.00117692	0.876	0.874565
rs6731054	0.031	0.000440048	0.0303	0.000934499	0.7645	0.775552
rs6733823	-0.4519	-0.00641136	0.0341	0.000783703	0.5573	0.488102
rs6733962	-0.0247	-0.00203372	0.0288	0.000800684	0.6172	0.614557
rs6735876	0.1436	0.00124603	0.0509	0.000992524	0.8403	0.805538
rs6736092	-0.1603	0.000213592	0.2157	0.00422982	0.9947	0.99139825
rs6737152	0.05	0.000596406	0.03	0.000963083	0.752	0.793816
rs6737246	0.0459	0.00046561	0.0307	0.000970513	0.788	0.797523
rs6737650	-0.2971	0.00372829	0.1659	0.00474405	0.9931	0.993026
rs6739841	0.0152	0.00355953	0.0294	0.000948824	0.7765	0.786341
rs6740752	-0.3729	-0.00654817	0.0279	0.000781187	0.5341	0.48956
rs6741587	-0.0935	-0.00239264	0.0461	0.000930871	0.7781	0.768613
rs6743226	0.0249	0.00254567	0.0242	0.000784579	0.528	0.556097
rs6745662	0.0125	0.00284918	0.0296	0.000901827	0.7648	0.751331
rs6745970	-0.0625	-0.00150075	0.0473	0.00159997	0.929	0.9357916
rs6746127	0.03	0.00042231	0.0302	0.00093447	0.7674	0.7756
rs6747036	0.0265	0.00255978	0.0246	0.000784304	0.5274	0.556114
rs6747063	0.0267	0.000471755	0.0321	0.000789451	0.6854	0.568405
rs6747623	-0.3718	-0.00654721	0.0277	0.000781183	0.5339	0.489746
rs6750169	0.0118	0.00359608	0.0294	0.000949054	0.7746	0.786325
rs6751972	0.1033	0.00346913	0.0352	0.000783872	0.56	0.547638
rs6752050	-0.0364	-0.00156033	0.0504	0.00105583	0.885	0.837694
rs6752327	0.0292	-0.000331433	0.0269	0.000805998	0.6388	0.628512
rs6753106	-0.0556	0.00338562	0.0546	0.00120318	0.9046	0.877071
rs6755030	0.0063	-0.0022749	0.0454	0.0011133	0.8508	0.857156
rs6756901	-0.3684	-0.00655912	0.0275	0.000781457	0.534	0.490236
rs6757649	0.0259	0.00193337	0.026	0.000787172	0.4749	0.44363
rs6757876	-0.0276	-0.00124575	0.0426	0.0010235	0.8495	0.824544
rs6758112	0.0415	0.000661313	0.0407	0.00114895	0.8439	0.866269
rs6758577	0.0277	0.000478399	0.0332	0.000789442	0.6995	0.568311
rs6759601	0.0531	-0.000179726	0.0531	0.0012459	0.8737	0.889356
rs6761444	0.0299	0.000426869	0.0303	0.000934515	0.7675	0.775653
rs67625947	-0.0219	-0.00194803	0.0283	0.000802525	0.6242	0.619204
rs71430325	0.0316	0.000444402	0.0284	0.000938646	0.763	0.778494
rs71430328	0.0396	0.00051836	0.03	0.000973131	0.7953	0.798847
rs71430382	0.4732	0.00857793	0.0372	0.000807365	0.6041	0.631479
rs71430384	-0.3808	-0.0064918	0.0287	0.00078058	0.5261	0.489861
rs71430385	-0.3763	-0.0064553	0.0282	0.000780923	0.5301	0.489079
rs71439112	0.0055	-0.00223752	0.0452	0.00111113	0.8517	0.85645
rs71439113	0.0069	-0.00223752	0.0447	0.00111113	0.85	0.85645
rs72484048	-0.0221	-0.00194893	0.0283	0.000802518	0.6243	0.619201
rs72629200	-0.066	-0.000858913	0.0409	0.0012806	0.8751	0.895836
rs72629201	-0.0662	-0.000888956	0.0408	0.00128201	0.874	0.895842
rs72629202	-0.0668	-0.000957002	0.041	0.00128824	0.8739	0.896054
rs72781663	-0.0385	0.00262894	0.0361	0.00108984	0.8542	0.848064
rs72781665	-0.0397	0.00245998	0.036	0.00109281	0.8578	0.849802
rs72781667	-0.0394	0.00248541	0.0358	0.00109347	0.8595	0.849801
rs72781671	-0.0294	0.00279983	0.0364	0.00114632	0.8696	0.865625
rs72781675	-0.0288	0.00329112	0.0364	0.00113529	0.8681	0.862458
rs72781679	-0.0285	0.00280024	0.0364	0.00114686	0.87	0.865837
rs72781680	-0.0284	0.00285729	0.0364	0.00114597	0.8701	0.865636
rs72781683	-0.032	0.00303771	0.0364	0.00115407	0.8734	0.867694
rs72781689	-0.033	0.00303637	0.0373	0.00115583	0.8745	0.867425
rs72781692	0.0103	0.00222324	0.0325	0.00096657	0.8133	0.795962
rs72781695	0.0072	0.00219901	0.032	0.000966664	0.8153	0.796111
rs72781696	0.0072	0.00219901	0.032	0.000966664	0.8154	0.796111
rs72781697	0.0083	0.00316082	0.1622	0.0036476	0.9871	0.9884742
rs72781698	0.0083	0.00218097	0.0321	0.000966672	0.818	0.796169
rs72781699	0.0082	0.00216682	0.0322	0.000969293	0.8101	0.797232
rs72783605	7e-04	0.00208024	0.0345	0.000967186	0.8169	0.796405
rs72783611	0.0092	0.00209251	0.0339	0.000967708	0.8105	0.796457
rs72783615	0.0088	0.00209314	0.0344	0.000967024	0.8134	0.796401
rs72783619	0.0075	0.00210397	0.0353	0.000966938	0.8112	0.79637
rs72783625	0.0058	0.00209264	0.0353	0.000965777	0.8084	0.795707
rs72783627	0.0015	0.00206922	0.0358	0.000965695	0.8124	0.795649
rs72852410	0.0497	-0.00091934	0.0472	0.00117673	0.8767	0.874316
rs72852426	0.0494	-0.000848055	0.0502	0.00117751	0.8778	0.874421
rs72852433	0.032	0.000178309	0.086	0.00311715	0.9471	0.9840791
rs72852440	0.0297	0.000173257	0.0877	0.00311703	0.9474	0.9840791
rs72852445	0.0307	0.000161396	0.0881	0.00311712	0.9476	0.9840791
rs73002111	-0.0301	-0.00162598	0.0506	0.00105598	0.8877	0.837835
rs73002114	0.0052	-0.00186622	0.0356	0.000999389	0.8023	0.813097
rs73002147	-0.0278	-0.00162251	0.0509	0.00105595	0.8894	0.83768
rs73002170	-0.0055	-0.00186213	0.0366	0.00100089	0.8016	0.813999
rs73002176	-0.0058	-0.00187288	0.0366	0.00100108	0.8019	0.814013
rs73002180	-0.1694	-0.00444193	0.1038	0.00178935	0.9703	0.9496277
rs73002181	0.0081	-0.00201424	0.0409	0.00101001	0.838	0.817996
rs73004339	-0.1696	-0.00445937	0.1044	0.00178886	0.9705	0.9496292
rs73004354	-0.0215	-0.00162658	0.0526	0.00105537	0.8909	0.837612
rs73004362	0.0082	-0.00216739	0.0389	0.00102456	0.7423	0.820324
rs73004368	0.0935	-0.000499147	0.0676	0.00172561	0.9294	0.9455351
rs73004382	-0.0104	-0.00164065	0.0505	0.00105488	0.8909	0.837382
rs73006355	-0.2385	-0.000936321	0.1945	0.00202724	0.9882	0.9615034
rs73006381	-0.0301	-0.00126656	0.046	0.00104804	0.8866	0.834746
rs73006397	-0.0247	-0.00160135	0.0313	0.000947145	0.7722	0.783832
rs73008138	0.1285	-0.000129907	0.0809	0.00156335	0.9494	0.9334013
rs73008141	0.1291	-0.000107337	0.081	0.00157785	0.9496	0.9343385
rs73010120	0.1144	0.000394816	0.0617	0.00143063	0.9072	0.9192065
rs73018141	-0.0346	-0.00156007	0.0504	0.00105349	0.8829	0.836746
rs73018185	0.004	-0.0019045	0.0366	0.000995769	0.8028	0.811405
rs73020143	-0.0307	-0.00160653	0.0503	0.00105599	0.8867	0.837848
rs73106178	0.4389	0.00747095	0.0375	0.00107842	0.7684	0.844436
rs73116328	-0.2705	-0.0053428	0.1495	0.00428091	0.9917	0.99162216
rs73116332	-0.2653	-0.00544387	0.1482	0.00427886	0.9916	0.99161474
rs73116334	-0.258	-0.00501804	0.1465	0.00427486	0.9912	0.99160436
rs73116340	-0.2561	-0.00504284	0.146	0.00427633	0.9914	0.99161919
rs73116341	-0.254	-0.00500765	0.1456	0.00427591	0.9913	0.99161771
rs73116357	-0.2618	-0.00488596	0.1523	0.00427909	0.9911	0.99161919
rs73116359	-0.2572	-0.00479961	0.1515	0.00427466	0.991	0.99161919
rs73116362	-0.2591	-0.00483677	0.1533	0.00427522	0.991	0.99162068
rs73116394	0.0031	-0.00053627	0.0423	0.00125692	0.9086	0.892417
rs73116396	0.0032	-0.000536752	0.0423	0.00125691	0.9085	0.892417
rs73121525	0.036	-0.00062142	0.0408	0.000802645	0.6336	0.615534
rs7355559	-0.037	0.00312379	0.0376	0.00115387	0.8589	0.866614
rs7371753	0.0952	0.00360639	0.0351	0.00079184	0.6215	0.586256
rs74003717	-0.0674	-0.00165005	0.0473	0.00099352	0.8175	0.807522
rs740312	-0.157	-1.42836e-05	0.2172	0.00423263	0.9952	0.99144126
rs740313	0.0301	-0.000363933	0.0265	0.000805807	0.6375	0.62847
rs740314	-0.0057	0.00365299	0.0302	0.000950529	0.7957	0.786619
rs7419333	-0.2025	-0.00219827	0.045	0.000813607	0.6716	0.643051
rs7420347	-0.2081	-0.00226555	0.0459	0.000814056	0.7021	0.642889
rs7421305	0.0948	0.00364082	0.0359	0.000791805	0.6278	0.586216
rs7421562	0.0302	0.000289967	0.0379	0.000788696	0.6872	0.574168
rs7421861	-0.2009	-0.00214352	0.045	0.000813492	0.67	0.642867
rs7422667	-0.0297	0.000457488	0.0266	0.000791218	0.5572	0.573955
rs74326069	0.0254	0.00114381	0.0563	0.00178487	0.9361	0.9499732
rs74335824	-0.036	-0.00117571	0.0384	0.00104779	0.8282	0.831351
rs74404759	-0.1584	-2.91296e-05	0.2159	0.00422575	0.9949	0.99142346
rs74428446	0.0942	0.000871636	0.0435	0.0010011	0.8299	0.811536
rs74503325	0.0805	0.000804359	0.0437	0.00100413	0.8247	0.811736
rs75005269	-0.1404	-0.000500874	0.098	0.00264816	0.9713	0.9772419
rs75030003	-0.1987	-0.00314936	0.0988	0.00154433	0.9598	0.9315063
rs75170386	-0.0329	-0.00102778	0.0333	0.000991908	0.8193	0.80889
rs75332353	0.0629	0.0120338	0.1134	0.00651179	0.9647	0.99638344
rs75549427	0.1018	0.000783417	0.0462	0.000944192	0.8029	0.779519
rs75560687	-0.0326	-0.00110905	0.0319	0.000989649	0.8213	0.807941
rs7556786	0.0308	0.000468278	0.03	0.000934837	0.7655	0.775772
rs7559564	-0.0338	-0.00104171	0.0328	0.000989468	0.823	0.807937
rs7560216	0.0137	0.00353398	0.0296	0.000948848	0.7726	0.786279
rs75604984	-0.1598	-2.01025e-06	0.2167	0.00423026	0.9949	0.99143977
rs7561273	0.0066	0.000624739	0.024	0.000781684	0.5315	0.530445
rs7561675	0.0171	-0.00086786	0.0287	0.000916961	0.7571	0.761905
rs7563672	0.4676	0.00838734	0.0367	0.00081103	0.6393	0.633062
rs7563873	0.0308	0.000416223	0.0302	0.000934481	0.7646	0.775542
rs7564329	0.0646	0.000106912	0.0449	0.00100076	0.7613	0.812345
rs7565186	0.0325	0.00274843	0.0244	0.000786639	0.5356	0.564787
rs7565639	0.05	0.00190156	0.0574	0.00085621	0.822	0.680876
rs7567487	0.0058	-0.00228005	0.046	0.0011133	0.8525	0.857159
rs75675856	0.088	0.00043118	0.067	0.0014013	0.9402	0.9153927
rs7567892	-0.1259	-0.00248454	0.0739	0.00131041	0.9404	0.9021587
rs7568	0.0044	-0.00185883	0.0356	0.000999213	0.8021	0.813149
rs7568163	0.0185	-0.00196335	0.0279	0.000879559	0.7296	0.731091
rs7568176	0.0066	-0.00227986	0.0449	0.00111333	0.8505	0.857182
rs7568272	0.0069	-0.00227996	0.0448	0.00111333	0.8498	0.857182
rs7568402	0.0255	0.00030166	0.0375	0.000789086	0.6973	0.574594
rs7568408	0.0847	0.00352677	0.032	0.000783204	0.5822	0.542106
rs7569717	0.4885	0.00596939	0.0473	0.000890521	0.7144	0.741314
rs7570017	0.0401	0.000505567	0.0297	0.000973102	0.7951	0.798996
rs7572153	0.0885	0.00397872	0.0332	0.000810701	0.6238	0.584208
rs7574264	0.148	0.00336411	0.0413	0.000782039	0.4946	0.533362
rs75745192	0.0412	-0.000193086	0.0804	0.00316864	0.9691	0.98461
rs7577426	0.0069	-0.00227945	0.0447	0.00111421	0.8499	0.857233
rs7577474	0.0796	0.00338912	0.0266	0.000812705	0.5389	0.552347
rs7579620	-0.0379	-0.00155734	0.0507	0.00105365	0.8812	0.836754
rs757974	0.0293	-0.000387039	0.0271	0.00080625	0.6391	0.628621
rs757977	-0.0079	0.00357139	0.0315	0.000949355	0.7738	0.786666
rs757978	0.0034	-0.000566488	0.0422	0.00125696	0.9085	0.89242
rs7580354	0.0044	-0.00228287	0.0423	0.00111209	0.8528	0.856714
rs7582582	-0.343	-0.00633671	0.0255	0.000780774	0.5143	0.492482
rs7582691	-0.3651	-0.00691676	0.0282	0.000794731	0.4739	0.418047
rs7582746	-0.2694	-0.00537316	0.1492	0.00428012	0.9917	0.99162068
rs7585107	0.0456	0.000329504	0.0296	0.000970422	0.7901	0.797603
rs7585516	-0.0036	0.00353307	0.0311	0.000949236	0.8012	0.786549
rs7586567	0.0792	0.00336881	0.0268	0.000810362	0.5565	0.552673
rs7587670	-7e-04	-0.00114861	0.0286	0.000897841	0.7616	0.749019
rs7588212	0.0759	0.00336283	0.0257	0.000812265	0.5466	0.552409
rs7588758	0.0622	-0.00015377	0.0444	0.0010178	0.7679	0.820652
rs7591047	0.0856	0.00364524	0.0313	0.000823235	0.627	0.594433
rs7592138	0.0363	0.0028313	0.0252	0.000787465	0.5424	0.569367
rs75921536	0.0954	0.00351795	0.0338	0.000782433	0.568	0.541524
rs75936830	-0.0689	-0.00153266	0.0475	0.00151925	0.9257	0.9285704
rs7593690	0.024	0.000250529	0.0374	0.000892979	0.6858	0.738961
rs7593970	-0.1601	1.3672e-05	0.2161	0.00423434	0.9948	0.99144126
rs7595652	0.0847	0.00352294	0.032	0.000783196	0.5822	0.542109
rs7595690	0.0776	0.00334969	0.0263	0.000810526	0.5543	0.552628
rs7596240	0.037	-0.000863342	0.0323	0.000876654	0.7268	0.729167
rs7597299	0.0449	0.000348491	0.03	0.000970271	0.7928	0.797545
rs75987682	-0.0225	0.00116974	0.057	0.0015123	0.9353	0.9276154
rs7599470	0.4149	0.00859581	0.0339	0.000809737	0.6342	0.631522
rs7599888	0.0255	0.00254729	0.0244	0.000784258	0.5262	0.556112
rs7600852	0.0242	-0.000997643	0.0417	0.00132641	0.9043	0.9042183
rs7601738	0.0034	-0.000541179	0.0424	0.00125696	0.9084	0.892415
rs7602797	0.0062	0.00209164	0.0355	0.000965722	0.8089	0.795659
rs7602993	0.0807	0.00337485	0.0271	0.000812722	0.5335	0.552284
rs7603052	-0.017	-0.000531675	0.0284	0.000820068	0.4072	0.371694
rs7603125	-0.0056	0.00356618	0.0311	0.000949338	0.7884	0.786605
rs7603220	0.0069	-0.00223841	0.0446	0.00111113	0.8497	0.856447
rs7604465	0.0325	0.00274691	0.0244	0.000786626	0.5356	0.564787
rs7604629	-0.0228	0.00354393	0.0328	0.000949175	0.7324	0.786384
rs7604723	0.0069	-0.00227977	0.0448	0.00111333	0.8499	0.857182
rs7606853	0.0072	0.000270315	0.0307	0.000818635	0.6614	0.652868
rs7606989	0.0061	-0.00228005	0.0454	0.0011133	0.8507	0.857159
rs7607425	0.0314	-0.000330211	0.0266	0.000806178	0.6408	0.628483
rs7608179	-0.069	-0.00165602	0.047	0.000992447	0.8202	0.807249
rs7608524	0.4469	0.00838968	0.0364	0.000813534	0.6587	0.632016
rs7608676	0.0327	0.000440955	0.0301	0.000934517	0.7634	0.775552
rs7618	-0.0242	-0.00165903	0.0314	0.000947252	0.7735	0.783299
rs76240021	-0.0556	-0.00129394	0.0803	0.00196994	0.9592	0.9564056
rs76281228	0.1069	0.000634152	0.0486	0.000949691	0.801	0.775839
rs76353298	0.1042	0.000738878	0.0475	0.000946449	0.7998	0.775576
rs764081	-0.0398	-0.0016725	0.0296	0.000859753	0.6669	0.70925
rs76427858	-0.0238	0.00109783	0.055	0.00150892	0.9352	0.9274506
rs76435795	-0.1659	-5.81856e-05	0.2155	0.00422923	0.9946	0.99141605
rs76527535	0.1016	0.00079325	0.0466	0.000940416	0.806	0.779437
rs76539557	-0.0707	0.00206033	0.1673	0.00265678	0.985	0.9774213
rs76543564	-0.0861	-0.00177408	0.0455	0.0013451	0.9085	0.9071216
rs76602291	-0.1676	0.000265811	0.215	0.00422203	0.9943	0.99138787
rs76762802	0.0415	0.0121903	0.1113	0.0065155	0.9633	0.99638196
rs76824337	-0.0851	-0.00175392	0.0451	0.00134545	0.906	0.9071854
rs76841908	0.0392	0.000427849	0.0423	0.00123288	0.8945	0.88652
rs76939852	-0.0685	-0.0015716	0.0472	0.00152166	0.9234	0.9287112
rs76981815	-0.0574	0.000344259	0.0829	0.00260924	0.9685	0.977018
rs77036037	0.1507	0.00136361	0.2538	0.00356236	0.9924	0.9867941
rs77125697	-0.1316	-0.00062126	0.0892	0.00267572	0.9683	0.9773131
rs77472953	0.1268	-0.00058907	0.1617	0.00239186	0.9835	0.9724955
rs77509545	-0.0701	-0.00152959	0.0479	0.00151927	0.9255	0.9285793
rs77576057	-0.0312	-0.00106596	0.0331	0.000989969	0.8217	0.808106
rs77618844	-0.0329	-0.00112219	0.032	0.000989775	0.8214	0.807938
rs77761724	-0.1216	-0.00345479	0.1215	0.00238644	0.9751	0.9718223
rs77807882	-0.0339	-0.00104165	0.0328	0.000989455	0.823	0.807947
rs77883321	0.0243	-0.000922491	0.0419	0.00132524	0.9074	0.9043236
rs77944820	0.054	-0.00109868	0.0464	0.00143812	0.9198	0.920022
rs77955363	0.2504	8.45265e-05	0.1959	0.00467743	0.9907	0.99279357
rs77959151	0.0368	-6.57354e-05	0.0414	0.00118377	0.8928	0.875723
rs77985491	0.1064	0.000631263	0.0484	0.000949034	0.7998	0.775701
rs78127357	2e-04	-0.00122083	0.0511	0.00129897	0.9259	0.899706
rs78220543	0.1158	0.00033953	0.0509	0.000967476	0.805	0.785028
rs78318556	0.0537	0.00351454	0.1735	0.0022052	0.9854	0.9668267
rs78362496	0.0088	0.00209852	0.0342	0.000967075	0.8129	0.796399
rs78379603	-0.1679	0.000303747	0.215	0.00421849	0.9943	0.99138046
rs78413957	-0.0662	-0.00277753	0.0455	0.00108399	0.8538	0.841078
rs78458994	0.0919	0.000773282	0.0434	0.00100072	0.8298	0.811669
rs78522331	-0.0321	-0.00104033	0.0322	0.00098955	0.8217	0.807943
rs78637384	-0.1629	-8.17478e-05	0.2157	0.00423379	0.9948	0.99142346
rs78684095	0.0917	0.000745374	0.0434	0.00100059	0.8297	0.811654
rs78707837	-0.2306	-0.00204914	0.048	0.000812069	0.6976	0.635699
rs78890513	-0.0238	-0.000416195	0.0589	0.0012783	0.9302	0.893458
rs79055959	0.1092	-0.00221312	0.0778	0.00238491	0.9705	0.97219
rs79212124	-0.0312	-0.0011112	0.0346	0.000989546	0.8284	0.807863
rs79316010	0.0966	0.000861482	0.0453	0.000945511	0.8063	0.779891
rs79355916	-0.0796	-0.00263984	0.0461	0.000924056	0.7852	0.756787
rs79378453	-0.0906	-0.0042192	0.1125	0.00237246	0.974	0.9712603
rs79386899	-0.069	-0.00135057	0.0492	0.00152524	0.9259	0.9287572
rs79443259	-0.0231	-0.000281687	0.0602	0.00156934	0.9444	0.9321971
rs79472012	-0.1629	-9.63545e-05	0.2156	0.00423128	0.9947	0.99142198
rs79581922	-0.0902	-0.000989028	0.0477	0.00140844	0.9067	0.9159754
rs79692814	0.082	-0.000945221	0.0745	0.0012483	0.9276	0.89039
rs79706799	-0.0698	-0.00155073	0.0472	0.00151932	0.9217	0.9285377
rs79708335	0.1083	0.00356893	0.0397	0.00079373	0.6278	0.591786
rs79835904	0.0424	0.0120467	0.1124	0.00650419	0.965	0.99638492
rs79953312	0.078	-0.000915439	0.1086	0.0022327	0.9702	0.968572
rs79995252	0.094	0.000871269	0.0434	0.00100097	0.83	0.811527
rs80016451	-0.018	-0.00126415	0.0442	0.0010467	0.8586	0.834217
rs80034700	0.0499	-0.000913196	0.0473	0.0011769	0.8769	0.874347
rs80078876	-0.2315	-0.000376276	0.1414	0.00283761	0.9795	0.9806005
rs80079596	-0.0846	-0.00207176	0.0445	0.00135337	0.9077	0.9072521
rs80085676	0.0021	-0.000548696	0.0429	0.00125774	0.9084	0.892568
rs80094387	-0.1028	0.00627095	0.1106	0.00269393	0.9726	0.9785483
rs80145904	0.0943	0.00088665	0.0435	0.00100109	0.8299	0.81153
rs80179742	0.122	-1.52801e-05	0.0612	0.00145354	0.92	0.9204594
rs80283876	0.1379	-0.00097343	0.067	0.00208638	0.9626	0.9630352
rs869943	-0.0235	-0.00134611	0.045	0.00104828	0.8872	0.834688
rs871375	-0.0039	0.00192655	0.0264	0.000821044	0.6929	0.65729
rs872169	0.0096	0.00219169	0.0326	0.000964788	0.8128	0.793889
rs886807	-0.006	0.00362135	0.0304	0.000950499	0.796	0.786808
rs886809	-0.0264	-0.00164527	0.0322	0.000946891	0.7722	0.783788
rs886810	-0.0173	0.00180442	0.0283	0.000803032	0.6787	0.621151
rs886811	0.0218	0.00198884	0.0264	0.000790943	0.4759	0.418744
rs886812	-0.0088	-0.00123898	0.0341	0.000796793	0.6325	0.556104
rs9052	-0.0116	-0.00107276	0.0385	0.00104146	0.8516	0.831733
rs9053	-0.2038	-0.000360105	0.223	0.0042916	0.9969	0.99167257
rs905660	0.0363	-0.000451482	0.0261	0.000807726	0.633	0.626855
rs905661	0.0354	-0.000499919	0.026	0.000807776	0.6301	0.626403
rs905662	0.0271	-0.000137795	0.0497	0.00128453	0.8245	0.897043
rs925228	0.0169	-0.000855435	0.0287	0.000916956	0.7572	0.76181
rs925229	-0.0067	0.000762078	0.0241	0.00078795	0.4438	0.443013
rs9288726	-0.0089	0.00205224	0.0277	0.000823133	0.6851	0.659172
rs929408	-0.0847	-0.00180333	0.045	0.00134498	0.907	0.9071379
rs9309225	0.0109	0.000257613	0.0289	0.000810492	0.6091	0.637248
rs9679726	0.0397	-0.000388456	0.0263	0.000807811	0.6304	0.627537
rs987559	-0.0479	0.00338064	0.0442	0.00102507	0.8675	0.824209
rs9967861	0.0299	0.000419608	0.0303	0.000934445	0.7676	0.775544
rs9973927	0.0542	0.000355816	0.0306	0.000967908	0.7825	0.795299
